1.000000 0.000000 0.000000 0.000000 0.000000 1.000000 0.000000 0.000000 0.000000 0.000000 1.000000 0.000000 
0.999991 -0.002509 -0.003419 -0.000285 0.002501 0.999994 -0.002325 -0.003234 0.003425 0.002316 0.999991 0.676005 
0.999975 -0.000934 -0.007051 -0.020331 0.000907 0.999992 -0.003808 -0.009317 0.007055 0.003802 0.999968 1.357763 
0.999935 -0.001460 -0.011316 -0.029175 0.001401 0.999986 -0.005165 -0.011717 0.011324 0.005149 0.999923 2.081391 
0.999872 0.000234 -0.015976 -0.049734 -0.000326 0.999983 -0.005774 -0.019512 0.015974 0.005778 0.999856 2.806910 
0.999791 -0.001150 -0.020404 -0.066716 0.001028 0.999982 -0.005986 -0.027703 0.020410 0.005964 0.999774 3.551815 
0.999687 0.000523 -0.025016 -0.090771 -0.000705 0.999973 -0.007290 -0.034529 0.025011 0.007305 0.999660 4.313246 
0.999561 0.002521 -0.029527 -0.128500 -0.002755 0.999965 -0.007898 -0.042007 0.029506 0.007976 0.999533 5.082305 
0.999410 0.003260 -0.034205 -0.151847 -0.003472 0.999975 -0.006138 -0.054489 0.034184 0.006253 0.999396 5.876712 
0.999245 0.002247 -0.038796 -0.182339 -0.002374 0.999992 -0.003222 -0.064785 0.038789 0.003311 0.999242 6.665591 
0.999106 0.002203 -0.042208 -0.217856 -0.002240 0.999997 -0.000820 -0.072190 0.042206 0.000914 0.999109 7.471748 
0.998996 0.003833 -0.044627 -0.264321 -0.003891 0.999992 -0.001232 -0.084194 0.044622 0.001405 0.999003 8.272927 
0.998900 0.003169 -0.046786 -0.311641 -0.003226 0.999994 -0.001137 -0.086738 0.046782 0.001286 0.998904 9.108334 
0.998829 0.000177 -0.048382 -0.350425 -0.000266 0.999998 -0.001834 -0.092250 0.048382 0.001845 0.998827 9.931500 
0.998737 0.000789 -0.050231 -0.399953 -0.000837 0.999999 -0.000930 -0.103733 0.050231 0.000971 0.998737 10.780123 
0.998654 -0.000569 -0.051864 -0.443718 0.000513 0.999999 -0.001099 -0.115269 0.051865 0.001071 0.998654 11.638689 
0.998568 0.001811 -0.053466 -0.497842 -0.002004 0.999992 -0.003556 -0.122547 0.053459 0.003658 0.998563 12.488971 
0.998483 0.002242 -0.055014 -0.548714 -0.002585 0.999978 -0.006164 -0.129717 0.054999 0.006297 0.998467 13.355615 
0.998362 0.006281 -0.056867 -0.604349 -0.006754 0.999944 -0.008137 -0.136634 0.056813 0.008508 0.998349 14.238652 
0.998323 0.006575 -0.057511 -0.666726 -0.007023 0.999946 -0.007598 -0.151086 0.057458 0.007989 0.998316 15.123390 
0.998245 0.006356 -0.058885 -0.719431 -0.006728 0.999959 -0.006121 -0.172737 0.058844 0.006506 0.998246 16.003010 
0.998165 0.006274 -0.060221 -0.780764 -0.006577 0.999967 -0.004830 -0.179459 0.060189 0.005218 0.998173 16.895829 
0.998101 0.005939 -0.061313 -0.837727 -0.006240 0.999969 -0.004711 -0.196946 0.061283 0.005084 0.998108 17.792014 
0.998030 0.004968 -0.062538 -0.915975 -0.005366 0.999966 -0.006192 -0.197188 0.062505 0.006515 0.998023 18.700109 
0.997965 0.003334 -0.063679 -0.976277 -0.003792 0.999968 -0.007071 -0.211845 0.063653 0.007298 0.997945 19.615699 
0.997920 0.002783 -0.064408 -1.036831 -0.003108 0.999983 -0.004960 -0.224415 0.064393 0.005150 0.997911 20.534632 
0.997928 0.002334 -0.064302 -1.110327 -0.002436 0.999996 -0.001505 -0.229416 0.064298 0.001659 0.997929 21.465361 
0.997959 0.002816 -0.063789 -1.178662 -0.002721 0.999995 0.001569 -0.227554 0.063793 -0.001393 0.997962 22.412209 
0.998028 0.002018 -0.062746 -1.231968 -0.001794 0.999992 0.003620 -0.221110 0.062752 -0.003501 0.998023 23.357873 
0.998127 0.002137 -0.061145 -1.294857 -0.001872 0.999989 0.004392 -0.226211 0.061154 -0.004269 0.998119 24.285676 
0.998215 0.002765 -0.059664 -1.357378 -0.002651 0.999994 0.001999 -0.241768 0.059669 -0.001837 0.998217 25.228609 
0.998263 0.003877 -0.058794 -1.419749 -0.004035 0.999989 -0.002577 -0.254934 0.058784 0.002810 0.998267 26.165365 
0.998318 0.002304 -0.057931 -1.464778 -0.002626 0.999981 -0.005495 -0.252963 0.057917 0.005638 0.998305 27.102530 
0.998366 -0.000217 -0.057143 -1.521881 -0.000033 0.999991 -0.004359 -0.265966 0.057144 0.004353 0.998356 28.057220 
0.998338 -0.002498 -0.057573 -1.578870 0.002555 0.999996 0.000919 -0.279845 0.057571 -0.001064 0.998341 29.034199 
0.998272 -0.006827 -0.058362 -1.631713 0.007098 0.999965 0.004435 -0.292145 0.058330 -0.004841 0.998286 29.993885 
0.998122 -0.014350 -0.059553 -1.670865 0.014591 0.999887 0.003613 -0.297860 0.059494 -0.004475 0.998219 30.939936 
0.998025 -0.015310 -0.060919 -1.723296 0.015290 0.999883 -0.000790 -0.305017 0.060924 -0.000143 0.998142 31.906761 
0.997934 -0.015821 -0.062269 -1.785479 0.015550 0.999867 -0.004833 -0.316673 0.062338 0.003854 0.998048 32.898542 
0.997816 -0.014850 -0.064367 -1.853626 0.014516 0.999879 -0.005666 -0.320408 0.064444 0.004719 0.997910 33.893992 
0.997772 -0.015164 -0.064963 -1.922737 0.014909 0.999879 -0.004398 -0.330215 0.065022 0.003419 0.997878 34.897568 
0.997704 -0.012191 -0.066625 -1.987087 0.012132 0.999926 -0.001293 -0.351652 0.066636 0.000482 0.997777 35.904257 
0.997636 -0.012502 -0.067570 -2.062891 0.012535 0.999921 0.000063 -0.361149 0.067564 -0.000910 0.997715 36.902307 
0.997590 -0.011489 -0.068423 -2.142776 0.011707 0.999928 0.002792 -0.371699 0.068386 -0.003587 0.997653 37.902027 
0.997545 -0.011416 -0.069092 -2.183832 0.011873 0.999910 0.006202 -0.389876 0.069015 -0.007007 0.997591 38.899913 
0.997576 -0.005334 -0.069381 -2.271240 0.005925 0.999948 0.008304 -0.389571 0.069333 -0.008695 0.997556 39.909019 
0.997575 -0.006018 -0.069338 -2.362340 0.006581 0.999947 0.007901 -0.393108 0.069287 -0.008338 0.997562 40.938227 
0.997548 -0.006155 -0.069709 -2.418654 0.006577 0.999961 0.005821 -0.385868 0.069670 -0.006265 0.997550 41.951210 
0.997578 -0.004579 -0.069410 -2.509686 0.004855 0.999981 0.003801 -0.397255 0.069391 -0.004129 0.997581 42.952218 
0.997511 -0.004673 -0.070362 -2.576727 0.004968 0.999980 0.004012 -0.419273 0.070342 -0.004352 0.997513 43.950623 
0.997362 -0.007643 -0.072182 -2.639010 0.008015 0.999956 0.004854 -0.412470 0.072141 -0.005419 0.997380 44.942162 
0.997344 -0.006496 -0.072543 -2.729581 0.006933 0.999959 0.005770 -0.419976 0.072502 -0.006258 0.997349 45.940484 
0.997370 -0.004828 -0.072323 -2.813069 0.005007 0.999985 0.002297 -0.432457 0.072311 -0.002653 0.997379 46.899996 
0.997328 -0.004855 -0.072886 -2.901853 0.004727 0.999987 -0.001929 -0.436987 0.072894 0.001579 0.997338 47.876555 
0.997312 -0.004370 -0.073145 -2.987665 0.004159 0.999987 -0.003042 -0.446378 0.073157 0.002730 0.997317 48.842778 
0.997275 -0.005243 -0.073583 -3.045232 0.005304 0.999986 0.000639 -0.454303 0.073578 -0.001028 0.997289 49.800148 
0.997228 -0.007243 -0.074053 -3.107519 0.007563 0.999963 0.004032 -0.475297 0.074022 -0.004581 0.997246 50.766438 
0.997194 -0.008479 -0.074385 -3.170904 0.008870 0.999949 0.004923 -0.490537 0.074340 -0.005569 0.997217 51.726025 
0.997144 -0.012476 -0.074485 -3.242488 0.012778 0.999912 0.003579 -0.493808 0.074434 -0.004520 0.997216 52.687005 
0.997093 -0.015202 -0.074666 -3.313550 0.015359 0.999881 0.001529 -0.494409 0.074634 -0.002672 0.997207 53.627651 
0.997012 -0.016779 -0.075405 -3.396641 0.017042 0.999851 0.002843 -0.520638 0.075346 -0.004120 0.997149 54.589152 
0.996851 -0.020282 -0.076658 -3.468549 0.020904 0.999755 0.007322 -0.537228 0.076491 -0.008901 0.997031 55.548501 
0.996810 -0.020925 -0.077024 -3.549566 0.021933 0.999684 0.012268 -0.537666 0.076743 -0.013918 0.996954 56.498369 
0.996804 -0.019473 -0.077480 -3.625651 0.020671 0.999678 0.014685 -0.546079 0.077169 -0.016239 0.996886 57.430742 
0.996713 -0.018547 -0.078860 -3.692076 0.019436 0.999756 0.010517 -0.544134 0.078645 -0.012015 0.996830 58.337637 
0.996658 -0.016502 -0.079999 -3.768531 0.016772 0.999856 0.002703 -0.549257 0.079942 -0.004035 0.996791 59.257953 
0.996624 -0.014599 -0.080789 -3.847935 0.014469 0.999893 -0.002196 -0.558673 0.080812 0.001020 0.996729 60.178860 
0.996610 -0.010039 -0.081658 -3.930646 0.009969 0.999950 -0.001258 -0.571928 0.081666 0.000440 0.996660 61.077847 
0.996518 -0.007355 -0.083052 -4.007503 0.007472 0.999971 0.001098 -0.584896 0.083042 -0.001715 0.996545 61.965420 
0.996445 -0.005438 -0.084074 -4.078360 0.005682 0.999980 0.002666 -0.598357 0.084058 -0.003134 0.996456 62.837144 
0.996376 -0.004619 -0.084931 -4.163266 0.004845 0.999985 0.002453 -0.610037 0.084918 -0.002856 0.996384 63.693616 
0.996211 -0.003033 -0.086916 -4.229467 0.003304 0.999990 0.002981 -0.614845 0.086906 -0.003257 0.996211 64.538862 
0.996065 -0.002222 -0.088597 -4.300338 0.002544 0.999991 0.003517 -0.625665 0.088588 -0.003728 0.996061 65.383257 
0.995921 -0.001518 -0.090218 -4.361020 0.001892 0.999990 0.004066 -0.645039 0.090211 -0.004220 0.995914 66.191148 
0.995791 -0.001906 -0.091637 -4.431836 0.002370 0.999985 0.004953 -0.649817 0.091626 -0.005150 0.995780 66.999353 
0.995654 0.000822 -0.093128 -4.510613 -0.000113 0.999971 0.007615 -0.655342 0.093132 -0.007572 0.995625 67.801214 
0.995535 0.002329 -0.094369 -4.589383 -0.001237 0.999932 0.011629 -0.661438 0.094389 -0.011460 0.995469 68.582316 
0.995401 0.005516 -0.095640 -4.678928 -0.004262 0.999902 0.013310 -0.667115 0.095704 -0.012841 0.995327 69.346622 
0.995270 0.008459 -0.096780 -4.763896 -0.007593 0.999928 0.009311 -0.677738 0.096851 -0.008532 0.995262 70.092888 
0.995157 0.008400 -0.097938 -4.846199 -0.008213 0.999964 0.002317 -0.695471 0.097954 -0.001501 0.995190 70.829138 
0.995021 0.007582 -0.099376 -4.919856 -0.007952 0.999963 -0.003333 -0.708605 0.099347 0.004106 0.995044 71.544333 
0.994966 0.008438 -0.099861 -4.989153 -0.008953 0.999949 -0.004707 -0.711820 0.099817 0.005577 0.994990 72.246381 
0.994848 0.011410 -0.100732 -5.058010 -0.011593 0.999932 -0.001228 -0.726609 0.100711 0.002390 0.994913 72.923926 
0.994701 0.011688 -0.102145 -5.123753 -0.011621 0.999932 0.001250 -0.749203 0.102153 -0.000057 0.994769 73.576192 
0.994640 0.008639 -0.103040 -5.186989 -0.008894 0.999958 -0.002014 -0.764184 0.103018 0.002920 0.994675 74.206971 
0.994677 0.000071 -0.103041 -5.244727 -0.000768 0.999977 -0.006723 -0.782335 0.103038 0.006767 0.994654 74.830773 
0.994765 -0.004112 -0.102110 -5.295426 0.002941 0.999928 -0.011615 -0.791579 0.102151 0.011254 0.994705 75.419799 
0.995087 -0.001725 -0.098987 -5.354673 0.000603 0.999935 -0.011367 -0.814813 0.099001 0.011251 0.995024 76.005761 
0.995472 0.003772 -0.094981 -5.412504 -0.004604 0.999953 -0.008543 -0.825948 0.094944 0.008942 0.995442 76.584327 
0.995944 0.002242 -0.089943 -5.473473 -0.002736 0.999982 -0.005361 -0.838947 0.089929 0.005585 0.995933 77.143889 
0.996455 -0.001527 -0.084113 -5.515527 0.001434 0.999998 -0.001168 -0.851555 0.084115 0.001043 0.996455 77.679533 
0.997086 -0.006568 -0.075998 -5.542259 0.006782 0.999974 0.002565 -0.864397 0.075979 -0.003073 0.997105 78.216327 
0.997852 -0.002935 -0.065441 -5.569748 0.003108 0.999992 0.002541 -0.874193 0.065433 -0.002739 0.997853 78.733061 
0.998729 0.002462 -0.050334 -5.597459 -0.002341 0.999994 0.002468 -0.885936 0.050340 -0.002347 0.998729 79.238051 
0.999441 0.007239 -0.032635 -5.601164 -0.007138 0.999969 0.003200 -0.886536 0.032657 -0.002965 0.999462 79.746595 
0.999927 0.005639 -0.010643 -5.587954 -0.005599 0.999977 0.003797 -0.889312 0.010664 -0.003737 0.999936 80.234641 
0.999875 0.001745 0.015694 -5.562250 -0.001827 0.999985 0.005176 -0.896143 -0.015685 -0.005204 0.999863 80.715408 
0.998966 0.000820 0.045447 -5.526707 -0.001128 0.999977 0.006743 -0.900123 -0.045441 -0.006787 0.998944 81.172386 
0.996974 0.000286 0.077734 -5.453244 -0.000924 0.999966 0.008178 -0.901262 -0.077729 -0.008225 0.996941 81.631788 
0.993333 0.000442 0.115276 -5.378124 -0.001500 0.999958 0.009095 -0.907442 -0.115267 -0.009207 0.993292 82.077245 
0.987650 -0.000059 0.156675 -5.282635 -0.001458 0.999953 0.009563 -0.919881 -0.156668 -0.009674 0.987604 82.509780 
0.979430 -0.001104 0.201783 -5.173068 -0.000901 0.999951 0.009840 -0.914952 -0.201784 -0.009819 0.979381 82.942084 
0.968094 -0.000234 0.250586 -5.038252 -0.002040 0.999959 0.008815 -0.928248 -0.250578 -0.009045 0.968054 83.343020 
0.952674 0.000976 0.303994 -4.890527 -0.003115 0.999974 0.006554 -0.931300 -0.303979 -0.007190 0.952652 83.731267 
0.933052 0.001101 0.359740 -4.712645 -0.003151 0.999982 0.005112 -0.936166 -0.359728 -0.005903 0.933039 84.100378 
0.908807 0.001655 0.417213 -4.515777 -0.003508 0.999987 0.003674 -0.935399 -0.417202 -0.004803 0.908801 84.454584 
0.879964 0.002009 0.475037 -4.294629 -0.003546 0.999991 0.002339 -0.937046 -0.475028 -0.003742 0.879963 84.780953 
0.846395 0.000536 0.532556 -4.052833 -0.001079 0.999999 0.000709 -0.937549 -0.532555 -0.001175 0.846395 85.090778 
0.809198 0.000308 0.587536 -3.792281 -0.000355 1.000000 -0.000035 -0.941178 -0.587536 -0.000181 0.809198 85.386122 
0.769723 -0.000701 0.638378 -3.509179 -0.000008 0.999999 0.001109 -0.943807 -0.638378 -0.000859 0.769722 85.652122 
0.726609 -0.001393 0.687050 -3.225446 -0.002109 0.999989 0.004257 -0.954369 -0.687048 -0.004542 0.726598 85.907782 
0.681688 -0.002344 0.731639 -2.922302 -0.002212 0.999984 0.005265 -0.959692 -0.731640 -0.005207 0.681672 86.129434 
0.635497 -0.004343 0.772091 -2.603815 0.001093 0.999988 0.004725 -0.966520 -0.772103 -0.002159 0.635494 86.327829 
0.588461 -0.006968 0.808496 -2.272381 0.006087 0.999973 0.004187 -0.971244 -0.808503 0.002457 0.588487 86.515547 
0.542463 -0.005065 0.840064 -1.937094 0.004358 0.999985 0.003215 -0.973476 -0.840068 0.001917 0.542477 86.673682 
0.495509 -0.001796 0.868601 -1.599050 0.000724 0.999998 0.001655 -0.969169 -0.868603 -0.000191 0.495509 86.825084 
0.450887 0.000565 0.892581 -1.255689 -0.000245 1.000000 -0.000509 -0.969891 -0.892581 0.000011 0.450887 86.948761 
0.408607 -0.002200 0.912708 -0.903311 0.006807 0.999977 -0.000637 -0.973415 -0.912685 0.006473 0.408613 87.055995 
0.369026 -0.009792 0.929367 -0.537916 0.022238 0.999751 0.001704 -0.969037 -0.929153 0.020038 0.369152 87.142800 
0.333610 -0.013054 0.942621 -0.170098 0.026086 0.999649 0.004612 -0.966625 -0.942350 0.023050 0.333834 87.237477 
0.300307 -0.009035 0.953800 0.205800 0.022559 0.999743 0.002368 -0.973509 -0.953576 0.020805 0.300434 87.346657 
0.268788 -0.001359 0.963198 0.574188 0.010524 0.999943 -0.001526 -0.989676 -0.963142 0.010547 0.268787 87.454348 
0.240485 0.002940 0.970648 0.954976 0.005858 0.999973 -0.004480 -0.999820 -0.970635 0.006763 0.240461 87.542208 
0.214637 0.004572 0.976683 1.352370 0.007671 0.999950 -0.006366 -1.006337 -0.976664 0.008859 0.214592 87.615618 
0.191413 0.005505 0.981494 1.748839 0.014934 0.999852 -0.008520 -1.015667 -0.981396 0.016288 0.191302 87.659268 
0.171516 0.011739 0.985111 2.154821 0.022447 0.999623 -0.015820 -1.008581 -0.984926 0.024827 0.171188 87.698779 
0.152008 0.018540 0.988205 2.573642 0.024260 0.999453 -0.022482 -1.003561 -0.988081 0.027392 0.151475 87.741277 
0.134642 0.019125 0.990710 3.008630 0.021919 0.999512 -0.022274 -1.011503 -0.990652 0.024714 0.134157 87.791487 
0.119387 0.014765 0.992738 3.467314 0.020139 0.999648 -0.017289 -1.027716 -0.992644 0.022057 0.119048 87.844365 
0.105198 0.011694 0.994383 3.942072 0.020335 0.999696 -0.013907 -1.040793 -0.994243 0.021684 0.104928 87.885954 
0.091977 0.009096 0.995720 4.430993 0.022866 0.999675 -0.011244 -1.051993 -0.995499 0.023802 0.091739 87.923486 
0.080477 0.008277 0.996722 4.932226 0.026393 0.999597 -0.010432 -1.059351 -0.996407 0.027146 0.080226 87.952803 
0.070403 0.008922 0.997479 5.450801 0.029633 0.999500 -0.011031 -1.066829 -0.997078 0.030335 0.070104 87.980824 
0.062543 0.009432 0.997998 5.976104 0.032034 0.999421 -0.011453 -1.072101 -0.997528 0.032686 0.062205 88.005546 
0.057068 0.009742 0.998323 6.527160 0.033878 0.999358 -0.011689 -1.080973 -0.997795 0.034489 0.056701 88.029171 
0.051417 0.010754 0.998619 7.090880 0.035246 0.999300 -0.012576 -1.090833 -0.998055 0.035844 0.051002 88.054344 
0.045566 0.011246 0.998898 7.663221 0.036407 0.999254 -0.012910 -1.103026 -0.998298 0.036955 0.045123 88.070931 
0.041191 0.010978 0.999091 8.266015 0.038946 0.999162 -0.012584 -1.117297 -0.998392 0.039428 0.040729 88.090580 
0.038407 0.010606 0.999206 8.893241 0.040976 0.999086 -0.012180 -1.132627 -0.998422 0.041411 0.037937 88.107498 
0.035294 0.010281 0.999324 9.539222 0.041292 0.999078 -0.011737 -1.137063 -0.998524 0.041679 0.034837 88.129679 
0.032757 0.009481 0.999418 10.196160 0.043358 0.999000 -0.010898 -1.148883 -0.998522 0.043690 0.032314 88.152801 
0.032209 0.009111 0.999440 10.871698 0.048229 0.998779 -0.010659 -1.157454 -0.998317 0.048545 0.031730 88.163589 
0.033174 0.008624 0.999412 11.559293 0.051480 0.998621 -0.010326 -1.170739 -0.998123 0.051792 0.032684 88.182579 
0.035418 0.008524 0.999336 12.276028 0.053431 0.998517 -0.010410 -1.178137 -0.997943 0.053765 0.034910 88.211220 
0.039381 0.008780 0.999186 13.005815 0.055295 0.998410 -0.010952 -1.177597 -0.997693 0.055681 0.038833 88.235931 
0.043558 0.008431 0.999015 13.745839 0.055513 0.998399 -0.010846 -1.188644 -0.997507 0.055931 0.043020 88.273500 
0.047274 0.006802 0.998859 14.503254 0.056907 0.998334 -0.009492 -1.200516 -0.997260 0.057291 0.046808 88.318465 
0.051641 0.004691 0.998655 15.275016 0.057667 0.998306 -0.007672 -1.220707 -0.996999 0.057986 0.051283 88.347149 
0.055967 0.002266 0.998430 16.054699 0.054238 0.998514 -0.005307 -1.241368 -0.996958 0.054450 0.055761 88.387431 
0.060295 0.001080 0.998180 16.856570 0.053874 0.998538 -0.004335 -1.250570 -0.996726 0.054037 0.060149 88.430868 
0.063978 0.001955 0.997949 17.655457 0.051078 0.998681 -0.005231 -1.264434 -0.996643 0.051308 0.063794 88.501556 
0.067402 0.005891 0.997709 18.455819 0.049642 0.998724 -0.009251 -1.278590 -0.996490 0.050152 0.067023 88.554093 
0.068543 0.011125 0.997586 19.275475 0.043774 0.998941 -0.014148 -1.298894 -0.996687 0.044638 0.067983 88.628583 
0.068239 0.014380 0.997565 20.088291 0.040695 0.999024 -0.017185 -1.313059 -0.996839 0.041769 0.067587 88.689996 
0.068483 0.014307 0.997550 20.893674 0.038103 0.999130 -0.016945 -1.329719 -0.996924 0.039170 0.067878 88.745278 
0.068681 0.012636 0.997559 21.707838 0.035122 0.999269 -0.015076 -1.352426 -0.997020 0.036072 0.068187 88.802875 
0.068548 0.011254 0.997584 22.529793 0.035369 0.999280 -0.013704 -1.380089 -0.997021 0.036223 0.068101 88.859225 
0.069184 0.010546 0.997548 23.356884 0.033365 0.999360 -0.012879 -1.400273 -0.997046 0.034175 0.068788 88.918676 
0.069160 0.010795 0.997547 24.185233 0.031677 0.999413 -0.013011 -1.426137 -0.997103 0.032500 0.068778 88.987738 
0.069574 0.011271 0.997513 25.001990 0.029646 0.999471 -0.013361 -1.443851 -0.997136 0.030502 0.069203 89.046279 
0.068661 0.012714 0.997559 25.823284 0.026794 0.999535 -0.014583 -1.462112 -0.997280 0.027730 0.068288 89.109325 
0.066146 0.012000 0.997738 26.629634 0.023940 0.999621 -0.013610 -1.482505 -0.997523 0.024787 0.065833 89.160279 
0.062332 0.010223 0.998003 27.435990 0.021416 0.999704 -0.011578 -1.507552 -0.997826 0.022095 0.062095 89.213232 
0.057872 0.007712 0.998294 28.238190 0.020468 0.999751 -0.008909 -1.524206 -0.998114 0.020949 0.057699 89.256065 
0.051475 0.005356 0.998660 29.047617 0.018509 0.999809 -0.006317 -1.545783 -0.998503 0.018810 0.051366 89.305707 
0.043895 0.005371 0.999022 29.859367 0.017885 0.999821 -0.006161 -1.566593 -0.998876 0.018138 0.043791 89.350471 
0.034996 0.006550 0.999366 30.669044 0.017240 0.999826 -0.007157 -1.580437 -0.999239 0.017480 0.034877 89.381502 
0.025346 0.006869 0.999655 31.464203 0.017810 0.999815 -0.007322 -1.598819 -0.999520 0.017989 0.025219 89.393481 
0.014736 0.005866 0.999874 32.263923 0.019040 0.999800 -0.006146 -1.612509 -0.999710 0.019128 0.014622 89.407739 
0.003958 0.005046 0.999979 33.072370 0.018611 0.999814 -0.005119 -1.623830 -0.999819 0.018631 0.003863 89.416335 
-0.007395 0.004278 0.999964 33.861918 0.019984 0.999792 -0.004129 -1.635445 -0.999773 0.019953 -0.007479 89.416207 
-0.018503 0.004528 0.999819 34.649808 0.019489 0.999801 -0.004167 -1.651285 -0.999639 0.019408 -0.018587 89.409379 
-0.029824 0.004771 0.999544 35.437878 0.019490 0.999801 -0.004191 -1.671972 -0.999365 0.019357 -0.029911 89.394002 
-0.040820 0.005755 0.999150 36.230758 0.020201 0.999784 -0.004933 -1.693151 -0.998962 0.019982 -0.040927 89.384540 
-0.051275 0.006957 0.998660 37.003839 0.020670 0.999769 -0.005903 -1.700128 -0.998471 0.020339 -0.051407 89.350450 
-0.060621 0.008152 0.998128 37.779697 0.020510 0.999766 -0.006920 -1.702021 -0.997950 0.020052 -0.060774 89.299463 
-0.070475 0.008278 0.997479 38.537822 0.021358 0.999749 -0.006788 -1.725466 -0.997285 0.020825 -0.070634 89.250264 
-0.079673 0.008448 0.996785 39.291982 0.022371 0.999727 -0.006684 -1.745341 -0.996570 0.021767 -0.079840 89.191236 
-0.088038 0.007760 0.996087 40.021842 0.023544 0.999707 -0.005708 -1.760905 -0.995839 0.022949 -0.088195 89.118644 
-0.095033 0.006609 0.995452 40.750964 0.025476 0.999667 -0.004205 -1.775617 -0.995148 0.024961 -0.095170 89.038551 
-0.099846 0.005005 0.994990 41.466759 0.028833 0.999582 -0.002135 -1.787827 -0.994585 0.028475 -0.099949 88.950399 
-0.103839 0.003815 0.994587 42.186891 0.031838 0.999493 -0.000509 -1.788869 -0.994084 0.031613 -0.103908 88.874907 
-0.106228 0.002597 0.994338 42.884122 0.033394 0.999442 0.000957 -1.800575 -0.993781 0.033306 -0.106256 88.787305 
-0.108160 0.001524 0.994132 43.583421 0.033953 0.999421 0.002162 -1.816209 -0.993554 0.033988 -0.108149 88.715602 
-0.108330 0.001630 0.994114 44.254366 0.035387 0.999371 0.002218 -1.830021 -0.993485 0.035419 -0.108319 88.632189 
-0.107537 0.002648 0.994198 44.921645 0.036252 0.999342 0.001259 -1.841728 -0.993540 0.036177 -0.107562 88.562692 
-0.104531 0.004483 0.994512 45.566661 0.036980 0.999316 -0.000618 -1.848634 -0.993834 0.036712 -0.104625 88.495024 
-0.099371 0.004794 0.995039 46.168126 0.036909 0.999318 -0.001129 -1.861380 -0.994366 0.036614 -0.099481 88.436507 
-0.091254 0.005226 0.995814 46.760634 0.035862 0.999355 -0.001958 -1.878141 -0.995182 0.035533 -0.091382 88.383471 
-0.080068 0.005606 0.996774 47.330213 0.035383 0.999370 -0.002778 -1.882891 -0.996161 0.035046 -0.080216 88.341776 
-0.066366 0.006294 0.997775 47.887109 0.035706 0.999355 -0.003929 -1.885194 -0.997156 0.035366 -0.066548 88.320123 
-0.049278 0.007459 0.998757 48.423021 0.034239 0.999397 -0.005774 -1.904403 -0.998198 0.033912 -0.049504 88.306119 
-0.027706 0.010006 0.999566 48.946082 0.032589 0.999427 -0.009101 -1.919540 -0.999085 0.032323 -0.028016 88.298862 
-0.002787 0.012801 0.999914 49.459390 0.030669 0.999449 -0.012710 -1.939441 -0.999526 0.030631 -0.003179 88.307849 
0.025712 0.014635 0.999562 49.990502 0.029664 0.999441 -0.015396 -1.953031 -0.999229 0.030047 0.025264 88.342843 
0.058687 0.014361 0.998173 50.490938 0.028239 0.999472 -0.016040 -1.964693 -0.997877 0.029129 0.058251 88.398380 
0.096759 0.012386 0.995231 51.003560 0.028467 0.999479 -0.015206 -1.968214 -0.994901 0.029803 0.096356 88.470297 
0.138535 0.008357 0.990322 51.491763 0.026600 0.999572 -0.012156 -1.992563 -0.990000 0.028027 0.138253 88.570597 
0.183631 0.003276 0.982990 51.971992 0.024123 0.999678 -0.007838 -2.021347 -0.982699 0.025152 0.183493 88.694585 
0.232130 -0.000011 0.972685 52.448539 0.020843 0.999770 -0.004963 -2.036441 -0.972462 0.021426 0.232076 88.844655 
0.283599 -0.002075 0.958941 52.909122 0.017310 0.999846 -0.002956 -2.057116 -0.958787 0.017437 0.283591 89.018554 
0.338621 -0.002652 0.940919 53.350540 0.016679 0.999856 -0.003184 -2.068947 -0.940775 0.016772 0.338617 89.208490 
0.396465 -0.002835 0.918046 53.779971 0.019653 0.999792 -0.005400 -2.085931 -0.917840 0.020183 0.396438 89.425937 
0.455230 0.001831 0.890372 54.187481 0.020078 0.999722 -0.012322 -2.085908 -0.890147 0.023486 0.455067 89.676176 
0.514011 0.005599 0.857765 54.577862 0.022186 0.999557 -0.019819 -2.091334 -0.857497 0.029218 0.513659 89.954726 
0.570980 0.010287 0.820899 54.926700 0.018852 0.999494 -0.025638 -2.100306 -0.820747 0.030114 0.570497 90.263936 
0.626157 0.014670 0.779559 55.262628 0.014285 0.999439 -0.030282 -2.100066 -0.779566 0.030098 0.625596 90.591500 
0.678208 0.016488 0.734685 55.562275 0.012388 0.999350 -0.033863 -2.109493 -0.734766 0.032067 0.677562 90.932241 
0.727521 0.011012 0.685997 55.868136 0.015688 0.999343 -0.032680 -2.141927 -0.685906 0.034537 0.726870 91.289878 
0.771617 0.007366 0.636045 56.127192 0.013110 0.999536 -0.027480 -2.171156 -0.635952 0.029543 0.771163 91.684209 
0.812084 0.001947 0.583538 56.366572 0.012842 0.999693 -0.021207 -2.192439 -0.583400 0.024716 0.811809 92.100734 
0.848685 -0.000058 0.528899 56.582117 0.010368 0.999810 -0.016527 -2.200193 -0.528797 0.019510 0.848524 92.525940 
0.880133 -0.006438 0.474684 56.782465 0.011757 0.999897 -0.008236 -2.238632 -0.474582 0.012830 0.880118 92.964494 
0.905700 -0.004750 0.423894 56.942352 0.007369 0.999963 -0.004540 -2.235649 -0.423856 0.007236 0.905701 93.417839 
0.926215 -0.002720 0.376987 57.102194 0.003479 0.999993 -0.001334 -2.244914 -0.376981 0.002547 0.926218 93.876018 
0.941306 0.004044 0.337530 57.233635 -0.004247 0.999991 -0.000136 -2.246425 -0.337528 -0.001305 0.941315 94.349139 
0.953013 0.008271 0.302816 57.350258 -0.007971 0.999966 -0.002228 -2.246215 -0.302824 -0.000291 0.953047 94.810285 
0.962117 0.010474 0.272434 57.469556 -0.010014 0.999945 -0.003079 -2.236562 -0.272451 0.000234 0.962170 95.293323 
0.968041 0.005549 0.250732 57.585847 -0.004796 0.999982 -0.003612 -2.235119 -0.250747 0.002294 0.968050 95.777200 
0.971982 0.001624 0.235050 57.702855 -0.000919 0.999995 -0.003108 -2.254520 -0.235054 0.002805 0.971978 96.251141 
0.974878 0.006264 0.222653 57.798141 -0.005593 0.999978 -0.003645 -2.263236 -0.222671 0.002308 0.974891 96.752069 
0.977064 0.009871 0.212716 57.904408 -0.009452 0.999951 -0.002984 -2.273750 -0.212735 0.000905 0.977110 97.238739 
0.978272 0.017898 0.206550 58.004770 -0.017349 0.999840 -0.004469 -2.276527 -0.206596 0.000788 0.978426 97.752503 
0.978735 0.023048 0.203831 58.098450 -0.021827 0.999728 -0.008238 -2.280432 -0.203966 0.003614 0.978971 98.285146 
0.978816 0.023829 0.203351 58.190837 -0.022016 0.999695 -0.011175 -2.288405 -0.203556 0.006461 0.979042 98.835115 
0.978289 0.022265 0.206047 58.306514 -0.019599 0.999696 -0.014972 -2.294068 -0.206318 0.010608 0.978428 99.396663 
0.977466 0.020745 0.210072 58.433199 -0.016550 0.999627 -0.021709 -2.298249 -0.210444 0.017743 0.977445 99.973425 
0.976436 0.021182 0.214763 58.534115 -0.016015 0.999540 -0.025773 -2.318631 -0.215210 0.021727 0.976326 100.538119 
0.975355 0.025929 0.219113 58.652836 -0.020874 0.999461 -0.025355 -2.332989 -0.219652 0.020156 0.975370 101.115664 
0.974002 0.027441 0.224869 58.774849 -0.023302 0.999507 -0.021039 -2.352050 -0.225336 0.015252 0.974162 101.726130 
0.972991 0.024627 0.229524 58.921483 -0.021467 0.999637 -0.016258 -2.372162 -0.229842 0.010892 0.973167 102.333354 
0.972214 0.020225 0.233218 59.078180 -0.018247 0.999777 -0.010637 -2.386476 -0.233381 0.006086 0.972366 102.963435 
0.971326 0.017537 0.237105 59.227649 -0.016655 0.999845 -0.005725 -2.398108 -0.237169 0.001612 0.971467 103.575165 
0.970595 0.013754 0.240324 59.383494 -0.012884 0.999904 -0.005194 -2.404801 -0.240372 0.001945 0.970679 104.225064 
0.970563 0.010150 0.240635 59.545149 -0.008449 0.999932 -0.008100 -2.420494 -0.240701 0.005828 0.970582 104.846143 
0.970670 0.009700 0.240220 59.708069 -0.006322 0.999870 -0.014832 -2.435761 -0.240333 0.012878 0.970605 105.495071 
0.970754 0.012283 0.239763 59.862576 -0.007429 0.999749 -0.021140 -2.450810 -0.239962 0.018741 0.970601 106.136477 
0.971409 0.015152 0.236928 60.028980 -0.009499 0.999643 -0.024986 -2.461751 -0.237222 0.022021 0.971206 106.810705 
0.972048 0.012972 0.234423 60.190475 -0.008318 0.999748 -0.020829 -2.473214 -0.234634 0.018297 0.971912 107.491396 
0.972461 0.009359 0.232879 60.363875 -0.006439 0.999891 -0.013293 -2.491335 -0.232978 0.011427 0.972415 108.187678 
0.973198 0.008897 0.229798 60.533555 -0.007419 0.999946 -0.007297 -2.504947 -0.229851 0.005397 0.973211 108.889856 
0.973571 0.012162 0.228059 60.691039 -0.010725 0.999914 -0.007540 -2.519180 -0.228132 0.004895 0.973618 109.607480 
0.973902 0.017216 0.226316 60.847036 -0.014812 0.999814 -0.012319 -2.532974 -0.226486 0.008646 0.973976 110.344829 
0.974711 0.018175 0.222727 61.009295 -0.014572 0.999735 -0.017810 -2.544019 -0.222992 0.014114 0.974718 111.094330 
0.975620 0.016001 0.218885 61.171834 -0.011814 0.999722 -0.020425 -2.566957 -0.219151 0.017341 0.975537 111.844464 
0.976570 0.013886 0.214750 61.346187 -0.010089 0.999773 -0.018767 -2.592212 -0.214962 0.016161 0.976489 112.595964 
0.977381 0.010325 0.211232 61.518520 -0.006920 0.999834 -0.016853 -2.608165 -0.211371 0.015010 0.977291 113.385752 
0.977741 0.008943 0.209623 61.679446 -0.006055 0.999878 -0.014416 -2.623501 -0.209726 0.012826 0.977676 114.176898 
0.978100 0.004946 0.208076 61.854297 -0.002487 0.999924 -0.012074 -2.638383 -0.208120 0.011292 0.978038 114.981418 
0.978197 -0.000583 0.207680 62.029087 0.003006 0.999931 -0.011351 -2.643689 -0.207659 0.011728 0.978131 115.780767 
0.978268 0.000867 0.207343 62.192539 0.001176 0.999952 -0.009732 -2.659074 -0.207342 0.009764 0.978220 116.604311 
0.978185 0.006457 0.207636 62.357541 -0.004146 0.999925 -0.011563 -2.681175 -0.207695 0.010450 0.978138 117.411454 
0.977951 0.012505 0.208458 62.516939 -0.009587 0.999842 -0.015001 -2.695241 -0.208612 0.012671 0.977916 118.225938 
0.977561 0.021863 0.209515 62.677532 -0.018796 0.999685 -0.016621 -2.715344 -0.209813 0.012310 0.977664 119.042467 
0.976777 0.027743 0.212456 62.842141 -0.024944 0.999563 -0.015841 -2.740877 -0.212803 0.010174 0.977042 119.876407 
0.976113 0.029544 0.215247 63.014221 -0.027188 0.999534 -0.013898 -2.761859 -0.215557 0.007714 0.976461 120.726235 
0.975469 0.030585 0.218002 63.189618 -0.028162 0.999502 -0.014216 -2.792672 -0.218328 0.007728 0.975845 121.553984 
0.975063 0.029229 0.219997 63.371606 -0.026168 0.999516 -0.016815 -2.816494 -0.220382 0.010638 0.975356 122.396282 
0.974882 0.023351 0.221495 63.562938 -0.020452 0.999673 -0.015372 -2.842453 -0.221781 0.010456 0.975040 123.227256 
0.974973 0.016200 0.221731 63.765168 -0.012812 0.999778 -0.016713 -2.871010 -0.221953 0.013454 0.974965 124.079114 
0.974836 0.015330 0.222396 63.971385 -0.011865 0.999787 -0.016908 -2.894039 -0.222608 0.013844 0.974810 124.906203 
0.974302 0.018170 0.224511 64.157916 -0.015479 0.999786 -0.013738 -2.911957 -0.224712 0.009910 0.974375 125.753680 
0.974016 0.019381 0.225650 64.340279 -0.017958 0.999804 -0.008358 -2.923537 -0.225767 0.004088 0.974173 126.576552 
0.973827 0.023191 0.226104 64.542840 -0.022844 0.999730 -0.004153 -2.935147 -0.226139 -0.001121 0.974094 127.418900 
0.973535 0.022452 0.227431 64.733361 -0.020582 0.999732 -0.010592 -2.954508 -0.227608 0.005631 0.973737 128.255245 
0.973630 0.018639 0.227370 64.934005 -0.013468 0.999615 -0.024275 -2.989631 -0.227735 0.020572 0.973506 129.088646 
0.973778 0.016369 0.226910 65.134939 -0.009060 0.999407 -0.033212 -3.017557 -0.227320 0.030286 0.973349 129.908748 
0.974237 0.012393 0.225187 65.345083 -0.006970 0.999667 -0.024857 -3.030853 -0.225420 0.022647 0.973998 130.754997 
0.974562 0.005937 0.224040 65.539956 -0.005166 0.999979 -0.004026 -3.057832 -0.224059 0.002766 0.974572 131.619464 
0.974887 0.001809 0.222694 65.731719 -0.004581 0.999918 0.011933 -3.093169 -0.222654 -0.012654 0.974815 132.475701 
0.974976 0.007292 0.222191 65.902227 -0.008874 0.999942 0.006125 -3.103352 -0.222134 -0.007944 0.974984 133.276182 
0.975300 0.016152 0.220292 66.073602 -0.014402 0.999851 -0.009546 -3.124094 -0.220413 0.006138 0.975387 134.068966 
0.975442 0.016391 0.219648 66.239457 -0.012978 0.999772 -0.016973 -3.144331 -0.219876 0.013706 0.975432 134.884580 
0.975896 0.012441 0.217882 66.416880 -0.008809 0.999806 -0.017634 -3.173442 -0.218059 0.015290 0.975816 135.709012 
0.976453 0.011499 0.215424 66.578158 -0.008230 0.999837 -0.016065 -3.192819 -0.215574 0.013914 0.976388 136.531208 
0.977187 0.011746 0.212058 66.743964 -0.008262 0.999816 -0.017306 -3.219225 -0.212222 0.015159 0.977104 137.339230 
0.978203 0.011776 0.207318 66.893531 -0.007996 0.999786 -0.019062 -3.237539 -0.207499 0.016989 0.978088 138.115744 
0.978688 0.016664 0.204678 67.041509 -0.012998 0.999730 -0.019239 -3.262072 -0.204943 0.016169 0.978640 138.916073 
0.979007 0.022432 0.202590 67.188982 -0.018773 0.999624 -0.019964 -3.277681 -0.202962 0.015742 0.979060 139.709020 
0.979375 0.024078 0.200611 67.345931 -0.020914 0.999621 -0.017876 -3.305746 -0.200966 0.013312 0.979508 140.502543 
0.979630 0.022203 0.199579 67.490943 -0.019969 0.999713 -0.013201 -3.325052 -0.199815 0.008947 0.979793 141.252448 
0.979934 0.021194 0.198190 67.643884 -0.018955 0.999733 -0.013191 -3.350573 -0.198417 0.009169 0.980075 142.037237 
0.980538 0.019275 0.195382 67.815162 -0.016385 0.999731 -0.016394 -3.372196 -0.195645 0.012874 0.980590 142.832614 
0.981445 0.014628 0.191187 67.950213 -0.010985 0.999738 -0.020101 -3.395625 -0.191431 0.017628 0.981348 143.583339 
0.982676 0.012216 0.184929 68.098621 -0.008443 0.999740 -0.021176 -3.416216 -0.185140 0.019248 0.982524 144.361155 
0.983843 0.009593 0.178776 68.237729 -0.006816 0.999847 -0.016139 -3.432091 -0.178903 0.014660 0.983757 145.172584 
0.984881 0.007114 0.173087 68.362843 -0.005852 0.999952 -0.007804 -3.448286 -0.173134 0.006673 0.984876 145.981722 
0.985588 0.004765 0.169096 68.508727 -0.005113 0.999986 0.001625 -3.468289 -0.169086 -0.002466 0.985598 146.784032 
0.986081 0.011027 0.165901 68.597354 -0.011815 0.999923 0.003769 -3.468568 -0.165847 -0.005676 0.986135 147.591263 
0.986965 0.013822 0.160339 68.738863 -0.013903 0.999903 -0.000620 -3.489132 -0.160332 -0.001617 0.987062 148.377830 
0.988185 0.014629 0.152566 68.866665 -0.013149 0.999856 -0.010705 -3.502234 -0.152701 0.008572 0.988235 149.161988 
0.989205 0.010828 0.146139 68.986296 -0.008523 0.999829 -0.016389 -3.510972 -0.146291 0.014967 0.989128 149.955715 
0.990164 0.009893 0.139559 69.092511 -0.007824 0.999851 -0.015367 -3.529372 -0.139690 0.014124 0.990094 150.745899 
0.991160 0.016364 0.131659 69.191176 -0.014938 0.999819 -0.011808 -3.556664 -0.131828 0.009737 0.991225 151.562357 
0.992038 0.021519 0.124087 69.265875 -0.019961 0.999706 -0.013787 -3.573863 -0.124347 0.011200 0.992176 152.369838 
0.993203 0.024067 0.113881 69.353775 -0.021974 0.999566 -0.019599 -3.594837 -0.114303 0.016964 0.993301 153.190526 
0.994199 0.022774 0.105118 69.442699 -0.020578 0.999548 -0.021931 -3.616014 -0.105569 0.019641 0.994218 154.000322 
0.994986 0.023041 0.097322 69.508968 -0.021247 0.999585 -0.019434 -3.633238 -0.097729 0.017268 0.995063 154.826917 
0.995661 0.025453 0.089503 69.573229 -0.024436 0.999624 -0.012445 -3.655603 -0.089786 0.010204 0.995909 155.653459 
0.996323 0.028087 0.080942 69.632306 -0.027632 0.999595 -0.006737 -3.673849 -0.081098 0.004475 0.996696 156.495133 
0.996993 0.025829 0.073062 69.694349 -0.025636 0.999665 -0.003584 -3.684715 -0.073130 0.001700 0.997321 157.335563 
0.997467 0.025529 0.066395 69.750611 -0.025479 0.999674 -0.001601 -3.696495 -0.066414 -0.000094 0.997792 158.162599 
0.997810 0.023421 0.061859 69.802547 -0.023257 0.999724 -0.003360 -3.711515 -0.061921 0.001914 0.998079 158.982182 
0.997968 0.028133 0.057169 69.846482 -0.027669 0.999577 -0.008904 -3.730268 -0.057396 0.007304 0.998325 159.787418 
0.997985 0.034490 0.053250 69.881511 -0.033716 0.999313 -0.015375 -3.754596 -0.053744 0.013549 0.998463 160.593471 
0.998101 0.035677 0.050205 69.911849 -0.034819 0.999234 -0.017865 -3.772363 -0.050804 0.016083 0.998579 161.418583 
0.998209 0.037319 0.046763 69.952555 -0.036816 0.999255 -0.011565 -3.799452 -0.047160 0.009823 0.998839 162.251986 
0.998248 0.038594 0.044860 69.972819 -0.038566 0.999255 -0.001483 -3.803540 -0.044883 -0.000250 0.998992 163.107554 
0.998305 0.040331 0.041950 69.993950 -0.040608 0.999159 0.005765 -3.818628 -0.041682 -0.007458 0.999103 163.954313 
0.998650 0.036155 0.037290 70.005519 -0.036245 0.999341 0.001728 -3.814128 -0.037203 -0.003077 0.999303 164.801140 
0.999191 0.024591 0.031819 70.038527 -0.024343 0.999670 -0.008157 -3.829693 -0.032009 0.007375 0.999460 165.631568 
0.999456 0.022471 0.024157 70.071723 -0.022165 0.999672 -0.012864 -3.842510 -0.024438 0.012322 0.999625 166.438099 
0.999487 0.026845 0.017462 70.076529 -0.026645 0.999578 -0.011598 -3.856298 -0.017766 0.011126 0.999780 167.267466 
0.999660 0.024002 0.010197 70.073046 -0.023947 0.999698 -0.005459 -3.876207 -0.010325 0.005213 0.999933 168.107701 
0.999824 0.018507 0.003170 70.061826 -0.018501 0.999827 -0.001888 -3.893805 -0.003205 0.001829 0.999993 168.949390 
0.999948 0.009893 -0.002274 70.054124 -0.009888 0.999949 0.002047 -3.894066 0.002294 -0.002024 0.999995 169.790536 
0.999945 0.005782 -0.008756 70.046988 -0.005765 0.999981 0.001959 -3.907936 0.008767 -0.001909 0.999960 170.628882 
0.999884 0.001967 -0.015071 70.033051 -0.002043 0.999985 -0.004992 -3.921616 0.015061 0.005022 0.999874 171.458446 
0.999719 -0.008167 -0.022262 70.013114 0.007827 0.999852 -0.015322 -3.932536 0.022384 0.015143 0.999635 172.290152 
0.999406 -0.018896 -0.028813 70.009902 0.018338 0.999642 -0.019494 -3.945781 0.029171 0.018954 0.999395 173.107303 
0.999278 -0.014569 -0.035083 69.959428 0.014160 0.999829 -0.011887 -3.970334 0.035250 0.011382 0.999314 173.963760 
0.999163 -0.005261 -0.040558 69.898280 0.005314 0.999985 0.001202 -3.984359 0.040551 -0.001416 0.999176 174.814156 
0.998971 -0.000295 -0.045361 69.846047 0.000694 0.999961 0.008777 -3.997785 0.045357 -0.008799 0.998932 175.668077 
0.998787 -0.000607 -0.049241 69.803971 0.000882 0.999984 0.005570 -4.003743 0.049236 -0.005606 0.998771 176.509210 
0.998684 0.000913 -0.051280 69.754226 -0.001183 0.999986 -0.005232 -4.010336 0.051274 0.005286 0.998671 177.348427 
0.998512 0.011384 -0.053336 69.669038 -0.012190 0.999816 -0.014816 -4.016938 0.053158 0.015444 0.998467 178.183232 
0.998421 0.009757 -0.055317 69.611834 -0.010783 0.999775 -0.018269 -4.033627 0.055126 0.018837 0.998302 179.025932 
0.998312 0.004362 -0.057907 69.572698 -0.005161 0.999893 -0.013655 -4.047434 0.057841 0.013931 0.998229 179.872474 
0.998320 0.004233 -0.057789 69.528035 -0.004502 0.999980 -0.004540 -4.070310 0.057769 0.004792 0.998318 180.718861 
0.998327 0.005215 -0.057581 69.471212 -0.005174 0.999986 0.000857 -4.086001 0.057585 -0.000557 0.998340 181.569954 
0.998216 0.005305 -0.059467 69.424998 -0.005314 0.999986 -0.000002 -4.099406 0.059467 0.000318 0.998230 182.418532 
0.998101 0.001645 -0.061570 69.372829 -0.002236 0.999952 -0.009537 -4.114884 0.061552 0.009656 0.998057 183.269859 
0.997922 -0.008756 -0.063832 69.335247 0.007417 0.999748 -0.021183 -4.130124 0.064001 0.020666 0.997736 184.107890 
0.997686 -0.019324 -0.065188 69.281390 0.017722 0.999528 -0.025076 -4.155076 0.065642 0.023863 0.997558 184.965858 
0.997673 -0.016476 -0.066165 69.216308 0.015140 0.999673 -0.020631 -4.179518 0.066484 0.019581 0.997595 185.826834 
0.997656 -0.010905 -0.067561 69.141485 0.010246 0.999896 -0.010105 -4.200844 0.067664 0.009389 0.997664 186.684683 
0.997547 -0.009721 -0.069325 69.078439 0.009304 0.999937 -0.006335 -4.229178 0.069382 0.005675 0.997574 187.537540 
0.997471 -0.011309 -0.070168 69.017267 0.010605 0.999890 -0.010388 -4.244474 0.070278 0.009618 0.997481 188.375791 
0.997506 -0.011747 -0.069592 68.947378 0.010614 0.999805 -0.016639 -4.261429 0.069774 0.015859 0.997437 189.208938 
0.997552 -0.004796 -0.069764 68.871023 0.003600 0.999845 -0.017250 -4.280934 0.069835 0.016957 0.997414 190.047668 
0.997542 -0.001926 -0.070042 68.796193 0.000953 0.999903 -0.013919 -4.306691 0.070062 0.013818 0.997447 190.888576 
0.997510 0.001352 -0.070511 68.715559 -0.002094 0.999943 -0.010455 -4.337440 0.070493 0.010576 0.997456 191.727949 
0.997502 0.004078 -0.070520 68.645458 -0.004622 0.999961 -0.007541 -4.352883 0.070487 0.007848 0.997482 192.561403 
0.997429 0.007565 -0.071257 68.572820 -0.008115 0.999939 -0.007431 -4.377159 0.071196 0.007991 0.997430 193.383598 
0.997359 0.005873 -0.072396 68.529614 -0.006669 0.999920 -0.010754 -4.401910 0.072327 0.011208 0.997318 194.198685 
0.997280 0.007714 -0.073298 68.461366 -0.008920 0.999830 -0.016133 -4.419138 0.073161 0.016743 0.997180 194.992731 
0.997182 0.008747 -0.074503 68.392461 -0.009959 0.999824 -0.015920 -4.436818 0.074351 0.016617 0.997094 195.791319 
0.997003 0.009183 -0.076820 68.328002 -0.009702 0.999932 -0.006394 -4.452192 0.076756 0.007120 0.997024 196.594336 
0.996870 0.007566 -0.078697 68.275652 -0.007375 0.999969 0.002719 -4.467796 0.078715 -0.002130 0.996895 197.389983 
0.996862 0.001197 -0.079155 68.218534 -0.000816 0.999988 0.004844 -4.492850 0.079160 -0.004764 0.996851 198.155410 
0.996819 -0.000229 -0.079696 68.157036 0.000086 0.999998 -0.001795 -4.507446 0.079696 0.001782 0.996818 198.907096 
0.996851 0.000872 -0.079296 68.104267 -0.001416 0.999976 -0.006807 -4.522765 0.079288 0.006898 0.996828 199.641121 
0.996924 0.000294 -0.078378 68.054163 -0.001275 0.999921 -0.012466 -4.542743 0.078368 0.012527 0.996846 200.348083 
0.996967 -0.002676 -0.077781 68.000169 0.001448 0.999874 -0.015836 -4.564101 0.077814 0.015675 0.996845 201.054073 
0.997152 -0.006257 -0.075155 67.958624 0.004721 0.999777 -0.020592 -4.581877 0.075267 0.020179 0.996959 201.741644 
0.997475 -0.007814 -0.070587 67.922853 0.006279 0.999740 -0.021943 -4.597398 0.070740 0.021444 0.997264 202.419366 
0.997832 -0.005738 -0.065559 67.877689 0.004637 0.999846 -0.016921 -4.620560 0.065646 0.016580 0.997705 203.102421 
0.998256 -0.001318 -0.059017 67.825826 0.000889 0.999973 -0.007297 -4.650043 0.059025 0.007231 0.998230 203.794639 
0.998588 0.004956 -0.052889 67.780834 -0.005131 0.999982 -0.003174 -4.659351 0.052873 0.003441 0.998595 204.465621 
0.998877 0.005796 -0.047029 67.755216 -0.006004 0.999973 -0.004271 -4.684836 0.047003 0.004549 0.998884 205.101388 
0.999190 0.004003 -0.040042 67.736084 -0.004489 0.999917 -0.012048 -4.703832 0.039991 0.012218 0.999125 205.724121 
0.999466 0.004751 -0.032325 67.709879 -0.005423 0.999770 -0.020752 -4.724054 0.032219 0.020917 0.999262 206.383068 
0.999656 0.007408 -0.025170 67.690191 -0.008058 0.999634 -0.025816 -4.740835 0.024969 0.026010 0.999350 207.024923 
0.999815 0.006991 -0.017895 67.682631 -0.007426 0.999676 -0.024364 -4.762096 0.017719 0.024492 0.999543 207.679651 
0.999926 0.003138 -0.011733 67.671681 -0.003362 0.999812 -0.019100 -4.779727 0.011670 0.019138 0.999749 208.344515 
0.999975 -0.004021 -0.005751 67.679451 0.003947 0.999910 -0.012828 -4.808175 0.005803 0.012805 0.999901 209.006001 
0.999955 -0.009523 -0.000300 67.693151 0.009519 0.999891 -0.011285 -4.828739 0.000408 0.011282 0.999936 209.652897 
0.999963 -0.008036 0.003228 67.688974 0.008068 0.999916 -0.010191 -4.848230 -0.003146 0.010217 0.999943 210.295781 
0.999982 -0.004581 0.003958 67.688429 0.004616 0.999951 -0.008805 -4.859642 -0.003917 0.008823 0.999953 210.942852 
0.999984 -0.004264 0.003829 67.678144 0.004289 0.999970 -0.006414 -4.875147 -0.003802 0.006430 0.999972 211.593915 
0.999985 -0.004657 0.002982 67.676721 0.004667 0.999983 -0.003516 -4.890557 -0.002965 0.003530 0.999989 212.240121 
0.999992 -0.003005 0.002742 67.681508 0.003009 0.999994 -0.001611 -4.900647 -0.002737 0.001619 0.999995 212.882336 
0.999984 0.005069 0.002501 67.671996 -0.005053 0.999966 -0.006519 -4.915132 -0.002534 0.006506 0.999976 213.536960 
0.999954 0.009437 0.001520 67.658546 -0.009413 0.999840 -0.015225 -4.930597 -0.001663 0.015210 0.999883 214.180596 
0.999971 0.007646 -0.000561 67.654254 -0.007657 0.999692 -0.023599 -4.950574 0.000381 0.023602 0.999721 214.820917 
0.999992 0.001527 -0.003766 67.638960 -0.001634 0.999590 -0.028580 -4.954999 0.003720 0.028586 0.999584 215.479319 
0.999963 0.003563 -0.007881 67.626085 -0.003741 0.999735 -0.022731 -4.969766 0.007798 0.022760 0.999711 216.157952 
0.999883 0.010454 -0.011205 67.595175 -0.010574 0.999886 -0.010749 -4.984952 0.011091 0.010866 0.999879 216.837560 
0.999859 0.005232 -0.015967 67.587908 -0.005176 0.999980 0.003547 -4.999657 0.015985 -0.003464 0.999866 217.522406 
0.999784 -0.001768 -0.020700 67.586236 0.002039 0.999913 0.013064 -5.013732 0.020675 -0.013104 0.999700 218.206630 
0.999720 -0.003602 -0.023367 67.568309 0.003862 0.999931 0.011074 -5.019078 0.023326 -0.011161 0.999666 218.879331 
0.999662 0.000154 -0.026008 67.540467 -0.000037 0.999990 0.004497 -5.018836 0.026008 -0.004494 0.999652 219.560084 
0.999561 -0.001212 -0.029612 67.512650 0.001072 0.999988 -0.004748 -5.017934 0.029617 0.004714 0.999550 220.241430 
0.999447 -0.009876 -0.031759 67.499067 0.009579 0.999909 -0.009513 -5.020931 0.031850 0.009204 0.999450 220.929235 
0.999303 -0.017743 -0.032836 67.487227 0.017603 0.999835 -0.004566 -5.026545 0.032912 0.003985 0.999450 221.633510 
0.999100 -0.024574 -0.034563 67.469399 0.024571 0.999698 -0.000504 -5.036411 0.034565 -0.000346 0.999402 222.333686 
0.998978 -0.027210 -0.036084 67.447526 0.027309 0.999625 0.002241 -5.049409 0.036009 -0.003225 0.999346 223.039521 
0.998874 -0.029266 -0.037352 67.425328 0.029256 0.999572 -0.000803 -5.057161 0.037359 -0.000290 0.999302 223.730631 
0.998660 -0.035006 -0.038118 67.403983 0.034818 0.999378 -0.005574 -5.067698 0.038289 0.004240 0.999258 224.429266 
0.998281 -0.043766 -0.038993 67.392405 0.043543 0.999030 -0.006556 -5.079228 0.039242 0.004847 0.999218 225.115129 
0.998182 -0.045110 -0.039978 67.365328 0.045004 0.998981 -0.003538 -5.090951 0.040096 0.001733 0.999194 225.817667 
0.998108 -0.046007 -0.040793 67.336285 0.046079 0.998937 0.000816 -5.104683 0.040712 -0.002694 0.999167 226.516533 
0.998028 -0.047121 -0.041459 67.300947 0.047316 0.998873 0.003729 -5.116988 0.041237 -0.005683 0.999133 227.213558 
0.997914 -0.049327 -0.041648 67.267209 0.049427 0.998777 0.001375 -5.123418 0.041529 -0.003430 0.999131 227.904349 
0.997812 -0.051808 -0.041063 67.238767 0.051601 0.998649 -0.006092 -5.125852 0.041323 0.003960 0.999138 228.585530 
0.997768 -0.052817 -0.040862 67.211958 0.052210 0.998511 -0.015785 -5.138630 0.041635 0.013616 0.999040 229.254002 
0.997871 -0.051212 -0.040392 67.178311 0.050377 0.998500 -0.021440 -5.145362 0.041429 0.019359 0.998954 229.930065 
0.998011 -0.048248 -0.040577 67.155415 0.047455 0.998668 -0.020272 -5.162093 0.041501 0.018306 0.998971 230.596238 
0.997871 -0.050706 -0.041005 67.131559 0.050166 0.998642 -0.014082 -5.171314 0.041663 0.011995 0.999060 231.270501 
0.997649 -0.053684 -0.042603 67.119126 0.053477 0.998551 -0.005988 -5.193458 0.042863 0.003696 0.999074 231.940726 
0.997582 -0.053955 -0.043806 67.112373 0.053967 0.998542 -0.000930 -5.209977 0.043792 -0.001437 0.999040 232.569986 
0.997610 -0.053094 -0.044226 67.074690 0.053248 0.998579 0.002313 -5.224397 0.044040 -0.004662 0.999019 233.174755 
0.997318 -0.055767 -0.047408 67.060919 0.056065 0.998415 0.004975 -5.229135 0.047055 -0.007619 0.998863 233.751736 
0.996666 -0.062120 -0.052896 67.046531 0.062433 0.998040 0.004282 -5.239725 0.052527 -0.007571 0.998591 234.325873 
0.995906 -0.066670 -0.061044 67.018807 0.066914 0.997757 0.001963 -5.251081 0.060776 -0.006040 0.998133 234.880992 
0.995013 -0.069630 -0.071423 66.970180 0.069650 0.997569 -0.002223 -5.264988 0.071404 -0.002762 0.997444 235.422634 
0.993832 -0.070503 -0.085598 66.922286 0.070196 0.997511 -0.006599 -5.279254 0.085850 0.000550 0.996308 235.954620 
0.991933 -0.071702 -0.104531 66.861631 0.071053 0.997423 -0.009926 -5.288747 0.104974 0.002419 0.994472 236.462928 
0.989091 -0.075379 -0.126555 66.793507 0.074713 0.997155 -0.010003 -5.301267 0.126949 0.000438 0.991909 236.964494 
0.985868 -0.072475 -0.151038 66.694935 0.072023 0.997367 -0.008471 -5.319356 0.151255 -0.002527 0.988492 237.474617 
0.981147 -0.072503 -0.179145 66.591411 0.072354 0.997352 -0.007375 -5.329268 0.179205 -0.005726 0.983795 237.967066 
0.974686 -0.074437 -0.210821 66.471537 0.074218 0.997202 -0.008959 -5.350375 0.210898 -0.006915 0.977484 238.434044 
0.966692 -0.071348 -0.245799 66.328110 0.070157 0.997443 -0.013611 -5.372296 0.246141 -0.004087 0.969225 238.876720 
0.956201 -0.067573 -0.284804 66.165856 0.064561 0.997714 -0.019963 -5.386396 0.285502 0.000702 0.958378 239.319978 
0.942946 -0.064220 -0.326694 65.983527 0.059353 0.997928 -0.024856 -5.400816 0.327613 0.004047 0.944803 239.734247 
0.926787 -0.056884 -0.371255 65.815157 0.050662 0.998364 -0.026498 -5.435374 0.372155 0.005750 0.928153 240.107276 
0.907439 -0.046095 -0.417647 65.597017 0.037669 0.998887 -0.028401 -5.463338 0.418491 0.010040 0.908165 240.500925 
0.885003 -0.033763 -0.464360 65.340666 0.022304 0.999297 -0.030150 -5.488715 0.465051 0.016326 0.885133 240.862419 
0.858428 -0.022472 -0.512442 65.075599 0.008318 0.999518 -0.029898 -5.507461 0.512867 0.021403 0.858201 241.210771 
0.827624 -0.013696 -0.561115 64.800105 -0.002712 0.999593 -0.028399 -5.523883 0.561276 0.025026 0.827250 241.536112 
0.792878 -0.007372 -0.609336 64.521199 -0.010776 0.999601 -0.026117 -5.529695 0.609285 0.027274 0.792482 241.837513 
0.755778 0.000343 -0.654828 64.205277 -0.016457 0.999694 -0.018470 -5.541169 0.654621 0.024736 0.755552 242.132115 
0.716738 0.011922 -0.697241 63.872063 -0.022428 0.999731 -0.005961 -5.546824 0.696982 0.019910 0.716812 242.408028 
0.676015 0.023752 -0.736505 63.532260 -0.028964 0.999564 0.005650 -5.551509 0.736319 0.017513 0.676408 242.655579 
0.632916 0.031048 -0.773598 63.180538 -0.033389 0.999361 0.012792 -5.544397 0.773501 0.017733 0.633548 242.894240 
0.588977 0.036038 -0.807346 62.820677 -0.034901 0.999207 0.019141 -5.562806 0.807396 0.016903 0.589768 243.096079 
0.543161 0.038331 -0.838753 62.454242 -0.034928 0.999124 0.023041 -5.564690 0.838902 0.016781 0.544024 243.268453 
0.494533 0.035264 -0.868443 62.084915 -0.029718 0.999278 0.023653 -5.556552 0.868651 0.014111 0.495224 243.434606 
0.443620 0.029104 -0.895742 61.707305 -0.023445 0.999507 0.020864 -5.547741 0.895908 0.011745 0.444084 243.588629 
0.391061 0.021368 -0.920116 61.305896 -0.017685 0.999720 0.015700 -5.530241 0.920195 0.010132 0.391330 243.722532 
0.338012 0.016065 -0.941005 60.886593 -0.015913 0.999809 0.011353 -5.519738 0.941007 0.011136 0.338203 243.831754 
0.287376 0.013492 -0.957723 60.449353 -0.016824 0.999818 0.009036 -5.509459 0.957670 0.013516 0.287550 243.915712 
0.238423 0.014376 -0.971055 60.001047 -0.020029 0.999751 0.009883 -5.505524 0.970955 0.017093 0.238651 243.982348 
0.191858 0.015640 -0.981298 59.537779 -0.021471 0.999701 0.011736 -5.502562 0.981188 0.018818 0.192137 244.041236 
0.148221 0.014683 -0.988845 59.062810 -0.020070 0.999729 0.011836 -5.506859 0.988751 0.018092 0.148476 244.085455 
0.107934 0.013642 -0.994064 58.577752 -0.019339 0.999745 0.011620 -5.509185 0.993970 0.017970 0.108170 244.108371 
0.072617 0.012049 -0.997287 58.071758 -0.018977 0.999763 0.010697 -5.498174 0.997179 0.018148 0.072828 244.119540 
0.043521 0.009058 -0.999011 57.556394 -0.021252 0.999741 0.008139 -5.490074 0.998826 0.020877 0.043702 244.117821 
0.018312 0.007358 -0.999805 57.049209 -0.022216 0.999729 0.006950 -5.495253 0.999585 0.022085 0.018470 244.107740 
-0.004255 0.005982 -0.999973 56.513359 -0.023774 0.999699 0.006081 -5.491259 0.999708 0.023799 -0.004111 244.086005 
-0.022946 0.004166 -0.999728 55.967281 -0.026733 0.999631 0.004780 -5.479944 0.999379 0.026836 -0.022826 244.062634 
-0.036911 0.003287 -0.999313 55.398910 -0.030938 0.999511 0.004430 -5.461804 0.998840 0.031080 -0.036791 244.015175 
-0.047232 0.001266 -0.998883 54.815905 -0.032639 0.999463 0.002810 -5.457610 0.998351 0.032736 -0.047165 243.980190 
-0.053549 -0.000650 -0.998565 54.236579 -0.032719 0.999464 0.001104 -5.458158 0.998029 0.032732 -0.053541 243.947002 
-0.056743 -0.001198 -0.998388 53.637204 -0.034136 0.999417 0.000741 -5.453839 0.997805 0.034123 -0.056751 243.902903 
-0.058521 -0.000796 -0.998286 53.018618 -0.033714 0.999431 0.001179 -5.455419 0.997717 0.033725 -0.058515 243.867755 
-0.059701 -0.000393 -0.998216 52.378386 -0.033362 0.999442 0.001602 -5.456941 0.997659 0.033398 -0.059681 243.829474 
-0.059669 0.000525 -0.998218 51.713320 -0.033127 0.999448 0.002506 -5.466007 0.997668 0.033217 -0.059619 243.786512 
-0.059171 0.000575 -0.998248 51.026538 -0.032072 0.999482 0.002476 -5.469535 0.997733 0.032162 -0.059122 243.747344 
-0.058488 -0.001542 -0.998287 50.312781 -0.030225 0.999543 0.000227 -5.468768 0.997830 0.030187 -0.058508 243.704058 
-0.057686 -0.003995 -0.998327 49.606832 -0.027987 0.999605 -0.002383 -5.475015 0.997942 0.027802 -0.057775 243.662324 
-0.056319 -0.005025 -0.998400 48.856359 -0.027103 0.999627 -0.003503 -5.480557 0.998045 0.026862 -0.056434 243.617254 
-0.055224 -0.005756 -0.998457 48.089852 -0.027401 0.999615 -0.004247 -5.481735 0.998098 0.027124 -0.055361 243.562653 
-0.054103 -0.005842 -0.998518 47.310013 -0.027368 0.999616 -0.004365 -5.486924 0.998160 0.027091 -0.054242 243.515939 
-0.052828 -0.004751 -0.998592 46.505829 -0.025434 0.999671 -0.003411 -5.495283 0.998280 0.025218 -0.052932 243.468424 
-0.051360 -0.004440 -0.998670 45.687701 -0.023206 0.999725 -0.003252 -5.497824 0.998411 0.023008 -0.051449 243.424613 
-0.049598 -0.004575 -0.998759 44.862153 -0.019558 0.999802 -0.003608 -5.506706 0.998578 0.019355 -0.049678 243.380547 
-0.048338 -0.004117 -0.998823 44.023338 -0.018947 0.999815 -0.003204 -5.513147 0.998651 0.018770 -0.048407 243.335984 
-0.047365 -0.001105 -0.998877 43.143363 -0.017976 0.999838 -0.000254 -5.521898 0.998716 0.017943 -0.047377 243.285091 
-0.046168 0.003370 -0.998928 42.238781 -0.016207 0.999860 0.004122 -5.527008 0.998802 0.016380 -0.046107 243.234364 
-0.045228 0.008094 -0.998944 41.330844 -0.014140 0.999862 0.008742 -5.538699 0.998877 0.014520 -0.045107 243.183486 
-0.045213 0.008971 -0.998937 40.433313 -0.013059 0.999869 0.009571 -5.540491 0.998892 0.013477 -0.045090 243.149868 
-0.045753 0.006017 -0.998935 39.533306 -0.014712 0.999869 0.006696 -5.542305 0.998844 0.015002 -0.045659 243.095727 
-0.047029 0.001399 -0.998893 38.633723 -0.012930 0.999914 0.002009 -5.541830 0.998810 0.013010 -0.047006 243.047183 
-0.049463 0.000616 -0.998776 37.740770 -0.010107 0.999948 0.001117 -5.547458 0.998725 0.010150 -0.049455 243.013899 
-0.052040 0.005833 -0.998628 36.842990 -0.008099 0.999948 0.006263 -5.560479 0.998612 0.008413 -0.051990 242.968517 
-0.055433 0.011892 -0.998392 35.944442 -0.005686 0.999909 0.012226 -5.569556 0.998446 0.006355 -0.055360 242.922308 
-0.058403 0.016151 -0.998162 35.053054 -0.003448 0.999860 0.016380 -5.575446 0.998287 0.004398 -0.058339 242.870805 
-0.061165 0.015713 -0.998004 34.169031 -0.001134 0.999874 0.015812 -5.570550 0.998127 0.002099 -0.061139 242.813736 
-0.064175 0.014128 -0.997839 33.281219 -0.000126 0.999900 0.014166 -5.575828 0.997939 0.001035 -0.064167 242.760046 
-0.066634 0.011115 -0.997716 32.401215 -0.001868 0.999935 0.011264 -5.576707 0.997776 0.002615 -0.066609 242.687179 
-0.069092 0.009017 -0.997570 31.517634 -0.003062 0.999953 0.009251 -5.575499 0.997606 0.003694 -0.069061 242.629967 
-0.070528 0.008541 -0.997473 30.640865 -0.003541 0.999955 0.008812 -5.573812 0.997503 0.004154 -0.070495 242.561708 
-0.071605 0.007225 -0.997407 29.759991 -0.007418 0.999942 0.007776 -5.584945 0.997406 0.007956 -0.071547 242.489303 
-0.072345 0.003781 -0.997373 28.883838 -0.011876 0.999919 0.004652 -5.594701 0.997309 0.012181 -0.072294 242.414595 
-0.072517 0.000697 -0.997367 28.030042 -0.012865 0.999916 0.001635 -5.600463 0.997284 0.012949 -0.072502 242.341635 
-0.071464 -0.000252 -0.997443 27.175447 -0.015113 0.999885 0.000830 -5.608920 0.997329 0.015133 -0.071459 242.268573 
-0.069760 0.000309 -0.997564 26.314984 -0.015853 0.999873 0.001419 -5.628934 0.997438 0.015913 -0.069746 242.202275 
-0.067773 0.000009 -0.997701 25.456253 -0.013875 0.999903 0.000951 -5.639913 0.997604 0.013907 -0.067766 242.136256 
-0.065409 0.001201 -0.997858 24.598564 -0.012804 0.999916 0.002042 -5.646395 0.997776 0.012911 -0.065388 242.071734 
-0.063183 0.002365 -0.997999 23.750606 -0.010213 0.999943 0.003016 -5.657411 0.997950 0.010383 -0.063155 242.012886 
-0.061275 0.004331 -0.998112 22.907537 -0.005527 0.999974 0.004679 -5.665086 0.998106 0.005803 -0.061250 241.963912 
-0.059289 0.004163 -0.998232 22.058160 -0.000300 0.999991 0.004188 -5.666015 0.998241 0.000548 -0.059287 241.921079 
-0.057218 0.002643 -0.998358 21.239673 -0.000760 0.999996 0.002691 -5.676569 0.998361 0.000913 -0.057216 241.870330 
-0.055731 0.002140 -0.998444 20.414817 -0.000343 0.999998 0.002163 -5.685546 0.998446 0.000463 -0.055730 241.825433 
-0.055254 0.002307 -0.998470 19.584560 0.003365 0.999992 0.002124 -5.685442 0.998467 -0.003242 -0.055261 241.786995 
-0.055847 0.006676 -0.998417 18.756953 0.005684 0.999964 0.006368 -5.702872 0.998423 -0.005319 -0.055883 241.764462 
-0.056410 0.011072 -0.998346 17.933806 0.003348 0.999935 0.010900 -5.714572 0.998402 -0.002727 -0.056444 241.714547 
-0.058135 0.013555 -0.998217 17.110224 0.002066 0.999907 0.013458 -5.725157 0.998307 -0.001280 -0.058158 241.663038 
-0.060749 0.012043 -0.998080 16.290138 0.001639 0.999927 0.011965 -5.726690 0.998152 -0.000909 -0.060764 241.612655 
-0.063571 0.009160 -0.997935 15.477910 0.001375 0.999958 0.009091 -5.730676 0.997976 -0.000794 -0.063581 241.560023 
-0.067106 0.005421 -0.997731 14.663515 0.000398 0.999985 0.005406 -5.729534 0.997746 -0.000035 -0.067108 241.495652 
-0.071080 0.003666 -0.997464 13.857215 -0.001075 0.999992 0.003752 -5.735380 0.997470 0.001339 -0.071075 241.423076 
-0.076322 0.003186 -0.997078 13.056569 -0.002585 0.999991 0.003393 -5.749052 0.997080 0.002837 -0.076313 241.366159 
-0.081303 0.003563 -0.996683 12.256058 -0.004128 0.999984 0.003912 -5.753515 0.996681 0.004433 -0.081287 241.299765 
-0.085679 0.004848 -0.996311 11.454083 -0.006255 0.999966 0.005404 -5.755353 0.996303 0.006695 -0.085646 241.221423 
-0.089983 0.007626 -0.995914 10.661172 -0.009224 0.999921 0.008491 -5.767746 0.995901 0.009950 -0.089906 241.143029 
-0.094073 0.008680 -0.995527 9.872638 -0.013920 0.999853 0.010033 -5.770714 0.995468 0.014802 -0.093938 241.060632 
-0.096979 0.008124 -0.995253 9.098765 -0.017497 0.999798 0.009866 -5.772783 0.995133 0.018371 -0.096818 240.972429 
-0.099194 0.006660 -0.995046 8.333974 -0.021494 0.999730 0.008834 -5.773703 0.994836 0.022264 -0.099025 240.892427 
-0.100336 0.005878 -0.994936 7.566876 -0.026676 0.999607 0.008596 -5.783625 0.994596 0.027403 -0.100140 240.799917 
-0.101089 0.005985 -0.994859 6.812771 -0.029408 0.999527 0.009001 -5.779389 0.994443 0.030167 -0.100865 240.708951 
-0.101509 0.006346 -0.994814 6.066278 -0.031774 0.999449 0.009617 -5.779907 0.994327 0.032586 -0.101251 240.623880 
-0.101636 0.006358 -0.994801 5.343878 -0.034618 0.999351 0.009924 -5.792317 0.994219 0.035446 -0.101350 240.548289 
-0.101396 0.006194 -0.994827 4.621944 -0.037485 0.999247 0.010042 -5.792459 0.994140 0.038310 -0.101087 240.472714 
-0.100666 0.006117 -0.994901 3.923838 -0.039909 0.999151 0.010181 -5.791145 0.994119 0.040730 -0.100337 240.395241 
-0.099429 0.007204 -0.995019 3.243281 -0.040684 0.999108 0.011299 -5.804564 0.994213 0.041605 -0.099047 240.319092 
-0.096819 0.008332 -0.995267 2.571692 -0.041219 0.999073 0.012374 -5.807571 0.994448 0.042222 -0.096386 240.248155 
-0.093851 0.008653 -0.995549 1.915281 -0.041910 0.999042 0.012634 -5.817854 0.994704 0.042909 -0.093399 240.183434 
-0.091048 0.007508 -0.995818 1.273961 -0.043482 0.998988 0.011507 -5.823194 0.994897 0.044348 -0.090630 240.120465 
-0.087923 0.006376 -0.996107 0.643749 -0.042886 0.999028 0.010180 -5.828475 0.995204 0.043615 -0.087564 240.059397 
-0.085160 0.005757 -0.996351 0.025807 -0.040773 0.999126 0.009258 -5.835203 0.995533 0.041412 -0.084851 240.007134 
-0.082305 0.005427 -0.996592 -0.585482 -0.038649 0.999216 0.008633 -5.836746 0.995857 0.039228 -0.082031 239.961194 
-0.079057 0.006172 -0.996851 -1.178316 -0.039058 0.999194 0.009284 -5.843693 0.996105 0.039669 -0.078752 239.909750 
-0.075255 0.007517 -0.997136 -1.752777 -0.038395 0.999208 0.010431 -5.853853 0.996425 0.039070 -0.074906 239.859029 
-0.071574 0.007433 -0.997408 -2.300254 -0.039032 0.999185 0.010247 -5.857939 0.996671 0.039664 -0.071225 239.824018 
-0.067087 0.007679 -0.997718 -2.830395 -0.038357 0.999211 0.010270 -5.879171 0.997010 0.038959 -0.066740 239.791089 
-0.062494 0.008039 -0.998013 -3.349940 -0.037004 0.999261 0.010366 -5.879095 0.997359 0.037578 -0.062151 239.762242 
-0.058349 0.007799 -0.998266 -3.838523 -0.036364 0.999289 0.009932 -5.855789 0.997634 0.036881 -0.058024 239.737573 
-0.053813 0.008843 -0.998512 -4.320382 -0.034455 0.999349 0.010707 -5.864171 0.997956 0.034980 -0.053474 239.705688 
-0.049489 0.010027 -0.998724 -4.785771 -0.034293 0.999343 0.011732 -5.867495 0.998186 0.034830 -0.049113 239.684059 
-0.044369 0.011721 -0.998946 -5.237889 -0.034704 0.999310 0.013266 -5.870403 0.998412 0.035256 -0.043932 239.661979 
-0.039586 0.012806 -0.999134 -5.666228 -0.034513 0.999304 0.014176 -5.872048 0.998620 0.035044 -0.039116 239.646044 
-0.034453 0.013541 -0.999315 -6.082143 -0.033371 0.999335 0.014692 -5.875816 0.998849 0.033855 -0.033978 239.635395 
-0.028412 0.014207 -0.999495 -6.475328 -0.032480 0.999358 0.015128 -5.877068 0.999068 0.032894 -0.027933 239.627774 
-0.022183 0.013672 -0.999660 -6.853722 -0.030721 0.999425 0.014351 -5.878927 0.999282 0.031029 -0.021750 239.620071 
-0.016243 0.012410 -0.999791 -7.215071 -0.028666 0.999506 0.012872 -5.879235 0.999457 0.028869 -0.015879 239.619775 
-0.010265 0.011765 -0.999878 -7.566510 -0.027676 0.999544 0.012045 -5.878349 0.999564 0.027796 -0.009935 239.619630 
-0.004906 0.010930 -0.999928 -7.890219 -0.026721 0.999582 0.011057 -5.881621 0.999631 0.026774 -0.004612 239.622544 
0.000055 0.011014 -0.999939 -8.190117 -0.026481 0.999589 0.011009 -5.885897 0.999649 0.026479 0.000347 239.624864 
0.004739 0.011616 -0.999921 -8.463127 -0.026206 0.999591 0.011488 -5.888036 0.999645 0.026149 0.005041 239.627252 
0.008690 0.011762 -0.999893 -8.740084 -0.026176 0.999591 0.011531 -5.890938 0.999620 0.026073 0.008994 239.629955 
0.012531 0.009527 -0.999876 -8.968024 -0.024003 0.999669 0.009224 -5.888454 0.999633 0.023885 0.012756 239.633987 
0.015561 0.004694 -0.999868 -9.156145 -0.022119 0.999746 0.004349 -5.896991 0.999634 0.022049 0.015661 239.647872 
0.018352 0.001012 -0.999831 -9.312880 -0.020595 0.999788 0.000634 -5.899092 0.999619 0.020580 0.018369 239.655892 
0.020458 0.001420 -0.999790 -9.459904 -0.020460 0.999790 0.001001 -5.901883 0.999581 0.020435 0.020482 239.659624 
0.021915 0.002934 -0.999756 -9.577371 -0.020714 0.999782 0.002480 -5.902300 0.999545 0.020654 0.021971 239.662519 
0.022882 0.002146 -0.999736 -9.682345 -0.020647 0.999785 0.001674 -5.904087 0.999525 0.020603 0.022922 239.666331 
0.023693 -0.000209 -0.999719 -9.754173 -0.020242 0.999795 -0.000689 -5.904830 0.999514 0.020253 0.023684 239.668611 
0.024230 -0.001903 -0.999705 -9.816590 -0.019803 0.999801 -0.002383 -5.905328 0.999510 0.019855 0.024188 239.671196 
0.024374 -0.002572 -0.999700 -9.868416 -0.019677 0.999802 -0.003052 -5.905708 0.999509 0.019746 0.024319 239.672150 
0.024534 -0.002295 -0.999696 -9.908461 -0.019871 0.999799 -0.002783 -5.906508 0.999501 0.019934 0.024483 239.672501 
0.024757 -0.002425 -0.999691 -9.937660 -0.019991 0.999796 -0.002920 -5.907519 0.999494 0.020057 0.024703 239.671384 
0.024658 -0.002618 -0.999693 -9.953001 -0.020027 0.999795 -0.003112 -5.907603 0.999495 0.020097 0.024600 239.673852 
0.024713 -0.002599 -0.999691 -9.958172 -0.020020 0.999795 -0.003095 -5.907693 0.999494 0.020090 0.024656 239.673643 
0.024731 -0.002824 -0.999690 -9.953945 -0.020122 0.999792 -0.003322 -5.907732 0.999492 0.020198 0.024669 239.673356 
0.024724 -0.004087 -0.999686 -9.947261 -0.020436 0.999781 -0.004593 -5.909067 0.999485 0.020544 0.024635 239.672333 
0.024775 -0.005945 -0.999675 -9.945517 -0.020667 0.999766 -0.006457 -5.911645 0.999479 0.020820 0.024646 239.672147 
0.024858 -0.006310 -0.999671 -9.947693 -0.020712 0.999762 -0.006826 -5.912873 0.999476 0.020875 0.024722 239.669994 
0.024722 -0.005758 -0.999678 -9.947898 -0.020436 0.999772 -0.006264 -5.911676 0.999485 0.020585 0.024599 239.672448 
0.024744 -0.006100 -0.999675 -9.946276 -0.020160 0.999775 -0.006599 -5.911121 0.999491 0.020317 0.024615 239.672730 
0.024833 -0.006408 -0.999671 -9.947455 -0.020272 0.999771 -0.006913 -5.911670 0.999486 0.020437 0.024697 239.670597 
0.024761 -0.006738 -0.999671 -9.952471 -0.020281 0.999768 -0.007241 -5.910705 0.999488 0.020453 0.024618 239.672282 
0.024891 -0.007344 -0.999663 -9.962057 -0.020214 0.999765 -0.007848 -5.910232 0.999486 0.020402 0.024737 239.670846 
0.024828 -0.007459 -0.999664 -9.974399 -0.020206 0.999764 -0.007961 -5.910263 0.999488 0.020397 0.024671 239.673117 
0.024845 -0.007380 -0.999664 -9.990848 -0.020194 0.999765 -0.007883 -5.910033 0.999487 0.020383 0.024690 239.673900 
0.024950 -0.007520 -0.999660 -10.012462 -0.020152 0.999765 -0.008024 -5.910133 0.999486 0.020345 0.024793 239.674507 
0.025140 -0.007718 -0.999654 -10.038868 -0.020178 0.999763 -0.008226 -5.910775 0.999480 0.020378 0.024978 239.672895 
0.025165 -0.008619 -0.999646 -10.068232 -0.020127 0.999756 -0.009127 -5.910292 0.999481 0.020350 0.024985 239.676224 
0.025543 -0.010906 -0.999614 -10.111268 -0.020092 0.999733 -0.011420 -5.910499 0.999472 0.020376 0.025317 239.678031 
0.026324 -0.013560 -0.999561 -10.167396 -0.020018 0.999700 -0.014089 -5.910596 0.999453 0.020380 0.026044 239.679260 
0.027629 -0.015613 -0.999496 -10.245148 -0.019770 0.999674 -0.016162 -5.912159 0.999423 0.020207 0.027311 239.683050 
0.029913 -0.016748 -0.999412 -10.343150 -0.019496 0.999660 -0.017335 -5.913732 0.999362 0.020003 0.029577 239.688441 
0.033578 -0.017836 -0.999277 -10.462765 -0.019095 0.999647 -0.018484 -5.916853 0.999254 0.019701 0.033226 239.695370 
0.039074 -0.019709 -0.999042 -10.603345 -0.018424 0.999621 -0.020441 -5.920754 0.999066 0.019205 0.038696 239.706021 
0.046618 -0.020804 -0.998696 -10.766202 -0.018019 0.999603 -0.021664 -5.927921 0.998750 0.019006 0.046225 239.723593 
0.056366 -0.021220 -0.998185 -10.942108 -0.018133 0.999587 -0.022274 -5.932070 0.998246 0.019355 0.055958 239.739692 
0.068346 -0.021441 -0.997431 -11.139995 -0.018930 0.999561 -0.022784 -5.935572 0.997482 0.020438 0.067910 239.758043 
0.082537 -0.022001 -0.996345 -11.346681 -0.020037 0.999518 -0.023731 -5.943538 0.996387 0.021923 0.082056 239.785964 
0.098824 -0.020747 -0.994889 -11.578769 -0.019874 0.999542 -0.022818 -5.951445 0.994906 0.022027 0.098366 239.824194 
0.118320 -0.015783 -0.992850 -11.816901 -0.018313 0.999669 -0.018073 -5.962197 0.992807 0.020320 0.117992 239.866981 
0.140805 -0.011016 -0.989976 -12.067171 -0.017769 0.999749 -0.013652 -5.980145 0.989878 0.019513 0.140574 239.921610 
0.164946 -0.010176 -0.986250 -12.321668 -0.018360 0.999742 -0.013386 -5.986475 0.986132 0.020316 0.164716 239.978434 
0.191216 -0.011424 -0.981482 -12.576245 -0.015111 0.999779 -0.014581 -5.991274 0.981432 0.017620 0.191001 240.063865 
0.221557 -0.011668 -0.975078 -12.843309 -0.012062 0.999819 -0.014705 -5.996014 0.975073 0.015019 0.221377 240.153775 
0.254314 -0.011720 -0.967051 -13.114360 -0.006994 0.999878 -0.013958 -6.004623 0.967097 0.010313 0.254201 240.264337 
0.290156 -0.011173 -0.956914 -13.381992 -0.001168 0.999927 -0.012029 -6.011279 0.956979 0.004608 0.290122 240.383336 
0.330139 -0.007550 -0.943902 -13.669190 0.001740 0.999971 -0.007390 -6.013971 0.943931 0.000798 0.330142 240.513487 
0.372613 -0.002320 -0.927984 -13.954877 0.001137 0.999997 -0.002043 -6.013692 0.927986 -0.000294 0.372614 240.654059 
0.417748 0.002411 -0.908560 -14.239692 -0.003050 0.999995 0.001251 -6.017800 0.908558 0.002249 0.417753 240.807731 
0.464753 0.005555 -0.885423 -14.527758 -0.006285 0.999976 0.002975 -6.020090 0.885418 0.004182 0.464777 240.987434 
0.512310 0.007109 -0.858771 -14.806497 -0.004769 0.999974 0.005433 -6.025265 0.858787 0.001312 0.512331 241.188952 
0.559994 0.006814 -0.828469 -15.074213 -0.001026 0.999971 0.007530 -6.033056 0.828496 -0.003367 0.559985 241.423599 
0.608026 0.004148 -0.793906 -15.333161 0.002452 0.999972 0.007103 -6.038716 0.793913 -0.006266 0.607999 241.676515 
0.654919 -0.000011 -0.755699 -15.586109 0.004027 0.999986 0.003476 -6.032503 0.755689 -0.005320 0.654910 241.957721 
0.701490 -0.004831 -0.712663 -15.832206 0.004800 0.999986 -0.002055 -6.027316 0.712663 -0.001979 0.701504 242.255817 
0.746143 -0.005858 -0.665760 -16.065211 0.003017 0.999981 -0.005418 -6.026407 0.665779 0.002034 0.746147 242.584103 
0.788651 -0.005813 -0.614814 -16.289712 0.002235 0.999976 -0.006587 -6.023533 0.614837 0.003820 0.788645 242.937440 
0.827392 -0.006095 -0.561592 -16.503936 0.004632 0.999981 -0.004029 -6.021519 0.561606 0.000733 0.827404 243.324629 
0.860924 -0.009221 -0.508649 -16.704163 0.009312 0.999954 -0.002365 -6.023290 0.508648 -0.002701 0.860970 243.744626 
0.890664 -0.013236 -0.454469 -16.888350 0.014722 0.999892 -0.000269 -6.028266 0.454423 -0.006451 0.890763 244.178042 
0.915831 -0.016915 -0.401207 -17.056736 0.018731 0.999824 0.000605 -6.034116 0.401127 -0.008069 0.915987 244.643160 
0.936345 -0.020256 -0.350496 -17.191568 0.021427 0.999770 -0.000536 -6.030951 0.350427 -0.007008 0.936564 245.122268 
0.953282 -0.019964 -0.301420 -17.328090 0.019872 0.999797 -0.003369 -6.038377 0.301426 -0.002778 0.953485 245.615962 
0.966619 -0.019677 -0.255462 -17.446915 0.019058 0.999806 -0.004895 -6.031106 0.255509 -0.000137 0.966807 246.147337 
0.976749 -0.021006 -0.213354 -17.553622 0.020624 0.999779 -0.004018 -6.027908 0.213391 -0.000476 0.976967 246.700921 
0.983999 -0.020844 -0.176952 -17.613989 0.020884 0.999781 -0.001635 -6.042378 0.176947 -0.002087 0.984218 247.247187 
0.989059 -0.021616 -0.145928 -17.671739 0.021889 0.999760 0.000267 -6.046236 0.145887 -0.003458 0.989295 247.829317 
0.992440 -0.024539 -0.120255 -17.714116 0.024865 0.999690 0.001213 -6.046013 0.120188 -0.004194 0.992742 248.429750 
0.994657 -0.027680 -0.099456 -17.770284 0.028009 0.999606 0.001914 -6.045589 0.099364 -0.004689 0.995040 249.056640 
0.996089 -0.029146 -0.083410 -17.807281 0.029494 0.999561 0.002941 -6.047794 0.083288 -0.005390 0.996511 249.678438 
0.997003 -0.030238 -0.071213 -17.839317 0.030571 0.999526 0.003583 -6.052063 0.071071 -0.005749 0.997455 250.318611 
0.997608 -0.031056 -0.061757 -17.870764 0.031313 0.999504 0.003209 -6.054087 0.061627 -0.005135 0.998086 250.975909 
0.998075 -0.031124 -0.053647 -17.905941 0.031309 0.999506 0.002617 -6.057879 0.053539 -0.004291 0.998557 251.660277 
0.998390 -0.032171 -0.046709 -17.940963 0.032265 0.999479 0.001260 -6.051489 0.046644 -0.002765 0.998908 252.358244 
0.998556 -0.032605 -0.042694 -17.970411 0.032665 0.999466 0.000690 -6.057130 0.042649 -0.002083 0.999088 253.076187 
0.998631 -0.033558 -0.040127 -17.996114 0.033634 0.999434 0.001210 -6.060551 0.040064 -0.002558 0.999194 253.793031 
0.998731 -0.033327 -0.037770 -18.030073 0.033430 0.999439 0.002108 -6.057049 0.037678 -0.003368 0.999284 254.527612 
0.998768 -0.033262 -0.036829 -18.055282 0.033455 0.999429 0.004641 -6.065539 0.036653 -0.005867 0.999311 255.301006 
0.998773 -0.034216 -0.035789 -18.091137 0.034482 0.999382 0.006852 -6.053576 0.035532 -0.008077 0.999336 256.068880 
0.998757 -0.034328 -0.036144 -18.122593 0.034613 0.999374 0.007298 -6.050995 0.035871 -0.008540 0.999320 256.855559 
0.998628 -0.036113 -0.037907 -18.153991 0.036374 0.999319 0.006197 -6.056670 0.037658 -0.007567 0.999262 257.647817 
0.998490 -0.037674 -0.039986 -18.174735 0.037795 0.999283 0.002270 -6.048470 0.039872 -0.003778 0.999198 258.455563 
0.998481 -0.036425 -0.041349 -18.213974 0.036319 0.999335 -0.003311 -6.055841 0.041442 0.001805 0.999139 259.286403 
0.998550 -0.033986 -0.041760 -18.252802 0.033709 0.999405 -0.007315 -6.058037 0.041983 0.005896 0.999101 260.131817 
0.998604 -0.031527 -0.042391 -18.287599 0.031272 0.999489 -0.006671 -6.069197 0.042579 0.005336 0.999079 260.987845 
0.998619 -0.031120 -0.042326 -18.323247 0.031145 0.999515 -0.000067 -6.073624 0.042308 -0.001252 0.999104 261.860482 
0.998608 -0.031561 -0.042266 -18.364836 0.032010 0.999437 0.010010 -6.084093 0.041926 -0.011349 0.999056 262.754776 
0.998509 -0.034058 -0.042671 -18.396226 0.034734 0.999281 0.015220 -6.085853 0.042121 -0.016680 0.998973 263.650881 
0.998376 -0.037500 -0.042882 -18.435137 0.038081 0.999192 0.012821 -6.079058 0.042366 -0.014433 0.998998 264.552875 
0.998195 -0.040649 -0.044211 -18.471223 0.040932 0.999147 0.005521 -6.072384 0.043949 -0.007321 0.999007 265.466006 
0.998072 -0.042469 -0.045267 -18.509265 0.042440 0.999098 -0.001619 -6.076518 0.045295 -0.000305 0.998974 266.376424 
0.998015 -0.042322 -0.046639 -18.551731 0.042088 0.999096 -0.005981 -6.094816 0.046850 0.004006 0.998894 267.315746 
0.998024 -0.041413 -0.047247 -18.599035 0.041135 0.999130 -0.006850 -6.111581 0.047489 0.004893 0.998860 268.260590 
0.998096 -0.038265 -0.048371 -18.642477 0.038039 0.999261 -0.005587 -6.119337 0.048549 0.003736 0.998814 269.216265 
0.998120 -0.037034 -0.048838 -18.698887 0.037095 0.999312 0.000347 -6.116853 0.048792 -0.002158 0.998807 270.198600 
0.998133 -0.036093 -0.049278 -18.750701 0.036459 0.999314 0.006559 -6.115589 0.049008 -0.008343 0.998764 271.198077 
0.998084 -0.037293 -0.049370 -18.793796 0.037841 0.999232 0.010207 -6.117694 0.048952 -0.012056 0.998728 272.198078 
0.997970 -0.039956 -0.049600 -18.843770 0.040434 0.999145 0.008666 -6.117677 0.049211 -0.010654 0.998732 273.208073 
0.997935 -0.041247 -0.049228 -18.899958 0.041515 0.999128 0.004437 -6.114282 0.049003 -0.006471 0.998778 274.205737 
0.997835 -0.042924 -0.049820 -18.952676 0.043016 0.999074 0.000787 -6.121253 0.049740 -0.002928 0.998758 275.218261 
0.997766 -0.044091 -0.050192 -19.009244 0.044104 0.999027 -0.000852 -6.124338 0.050181 -0.001363 0.998739 276.245016 
0.997680 -0.045010 -0.051072 -19.060966 0.045055 0.998984 -0.000268 -6.137984 0.051032 -0.002034 0.998695 277.271713 
0.997549 -0.045793 -0.052905 -19.103340 0.046033 0.998934 0.003333 -6.160105 0.052696 -0.005761 0.998594 278.307829 
0.997328 -0.047853 -0.055194 -19.165885 0.048242 0.998819 0.005736 -6.133291 0.054855 -0.008383 0.998459 279.367935 
0.997160 -0.049070 -0.057134 -19.223816 0.049371 0.998773 0.003857 -6.142768 0.056874 -0.006667 0.998359 280.401585 
0.997008 -0.050180 -0.058792 -19.278862 0.050154 0.998740 -0.001926 -6.158752 0.058815 -0.001029 0.998268 281.433585 
0.997003 -0.048706 -0.060107 -19.337903 0.048399 0.998807 -0.006556 -6.167795 0.060354 0.003627 0.998170 282.462029 
0.996949 -0.048297 -0.061324 -19.415978 0.047886 0.998819 -0.008162 -6.182246 0.061646 0.005200 0.998085 283.521237 
0.996931 -0.046040 -0.063312 -19.471848 0.045728 0.998934 -0.006371 -6.212453 0.063538 0.003457 0.997973 284.571247 
0.996874 -0.045294 -0.064737 -19.552458 0.045220 0.998974 -0.002617 -6.228482 0.064789 -0.000319 0.997899 285.637515 
0.996875 -0.043292 -0.066083 -19.634806 0.043533 0.999050 0.002208 -6.238917 0.065924 -0.005077 0.997812 286.686568 
0.996848 -0.041477 -0.067624 -19.704562 0.041975 0.999101 0.005954 -6.254450 0.067316 -0.008774 0.997693 287.737428 
0.996855 -0.039763 -0.068548 -19.781911 0.040333 0.999162 0.006950 -6.268999 0.068214 -0.009693 0.997624 288.776806 
0.996782 -0.040905 -0.068935 -19.853729 0.041381 0.999128 0.005485 -6.261344 0.068651 -0.008320 0.997606 289.823030 
0.996727 -0.042276 -0.068909 -19.919422 0.042631 0.999084 0.003691 -6.272482 0.068689 -0.006617 0.997616 290.868294 
0.996744 -0.041920 -0.068881 -19.995604 0.042053 0.999115 0.000479 -6.289005 0.068800 -0.003374 0.997625 291.911200 
0.996654 -0.043740 -0.069050 -20.070733 0.043603 0.999043 -0.003491 -6.294944 0.069137 0.000469 0.997607 292.961289 
0.996664 -0.042882 -0.069441 -20.133971 0.042650 0.999078 -0.004819 -6.311709 0.069583 0.001841 0.997574 293.995490 
0.996767 -0.041682 -0.068693 -20.221950 0.041552 0.999131 -0.003318 -6.327360 0.068772 0.000453 0.997632 295.030862 
0.996904 -0.039132 -0.068202 -20.314521 0.039226 0.999230 0.000042 -6.353190 0.068148 -0.002717 0.997672 296.065308 
0.997019 -0.037132 -0.067635 -20.395843 0.037293 0.999304 0.001125 -6.364189 0.067546 -0.003644 0.997710 297.084975 
0.997083 -0.035150 -0.067756 -20.473522 0.035387 0.999371 0.002297 -6.382035 0.067633 -0.004688 0.997699 298.108332 
0.997186 -0.033118 -0.067258 -20.556799 0.033601 0.999417 0.006069 -6.387786 0.067018 -0.008312 0.997717 299.140511 
0.997263 -0.031862 -0.066724 -20.644501 0.032662 0.999407 0.010938 -6.395397 0.066335 -0.013088 0.997712 300.171725 
0.997328 -0.029822 -0.066689 -20.712876 0.030648 0.999465 0.011394 -6.406335 0.066314 -0.013407 0.997709 301.185784 
0.997476 -0.026893 -0.065719 -20.806898 0.027320 0.999611 0.005608 -6.391817 0.065542 -0.007389 0.997822 302.212548 
0.997534 -0.024860 -0.065627 -20.872025 0.024995 0.999687 0.001243 -6.400864 0.065576 -0.002880 0.997843 303.203140 
0.997643 -0.022342 -0.064881 -20.940529 0.022340 0.999750 -0.000757 -6.423298 0.064882 -0.000694 0.997893 304.191939 
0.997718 -0.019539 -0.064624 -21.009683 0.019447 0.999809 -0.002044 -6.431102 0.064651 0.000782 0.997908 305.206731 
0.997758 -0.017621 -0.064571 -21.071412 0.017448 0.999842 -0.003254 -6.439949 0.064618 0.002120 0.997908 306.215478 
0.997765 -0.016603 -0.064723 -21.142620 0.016497 0.999862 -0.002170 -6.458407 0.064750 0.001098 0.997901 307.236191 
0.997756 -0.016146 -0.064979 -21.203413 0.016190 0.999869 0.000142 -6.471920 0.064968 -0.001193 0.997887 308.252045 
0.997755 -0.017091 -0.064748 -21.280029 0.017251 0.999849 0.001913 -6.482103 0.064706 -0.003025 0.997900 309.255008 
0.997731 -0.017030 -0.065143 -21.348986 0.017235 0.999848 0.002587 -6.496311 0.065089 -0.003704 0.997873 310.289294 
0.997761 -0.016313 -0.064854 -21.424282 0.016488 0.999862 0.002176 -6.508868 0.064810 -0.003241 0.997892 311.313638 
0.997797 -0.017387 -0.064028 -21.492067 0.017590 0.999842 0.002613 -6.516061 0.063972 -0.003733 0.997945 312.347514 
0.997854 -0.018013 -0.062956 -21.570044 0.018194 0.999832 0.002312 -6.521485 0.062903 -0.003453 0.998014 313.392329 
0.997869 -0.019521 -0.062255 -21.637100 0.019688 0.999804 0.002062 -6.527267 0.062203 -0.003284 0.998058 314.432721 
0.997911 -0.017621 -0.062160 -21.697464 0.017753 0.999841 0.001573 -6.532905 0.062122 -0.002674 0.998065 315.504280 
0.997920 -0.017982 -0.061909 -21.760562 0.018185 0.999831 0.002714 -6.528123 0.061849 -0.003834 0.998078 316.554008 
0.997951 -0.018657 -0.061196 -21.833930 0.018785 0.999822 0.001504 -6.544903 0.061157 -0.002650 0.998125 317.603977 
0.997998 -0.017074 -0.060898 -21.899319 0.016913 0.999852 -0.003162 -6.555293 0.060943 0.002125 0.998139 318.654162 
0.997980 -0.017732 -0.061006 -21.971662 0.017377 0.999829 -0.006345 -6.568382 0.061108 0.005272 0.998117 319.712358 
0.997949 -0.018757 -0.061212 -22.038890 0.018587 0.999822 -0.003339 -6.589447 0.061264 0.002194 0.998119 320.776444 
0.997946 -0.019108 -0.061149 -22.120290 0.019223 0.999814 0.001292 -6.586966 0.061113 -0.002465 0.998128 321.876083 
0.997976 -0.018724 -0.060768 -22.195578 0.019018 0.999810 0.004267 -6.597007 0.060677 -0.005414 0.998143 322.961423 
0.997985 -0.019546 -0.060361 -22.263320 0.019963 0.999781 0.006328 -6.607716 0.060224 -0.007520 0.998157 324.028351 
0.998026 -0.019327 -0.059760 -22.351401 0.019879 0.999765 0.008649 -6.624142 0.059579 -0.009820 0.998175 325.102854 
0.997965 -0.022602 -0.059616 -22.431300 0.023173 0.999692 0.008900 -6.625806 0.059396 -0.010264 0.998182 326.161349 
0.997904 -0.024721 -0.059809 -22.496226 0.025188 0.999658 0.007078 -6.632743 0.059613 -0.008570 0.998185 327.211807 
0.997864 -0.025976 -0.059944 -22.564641 0.026261 0.999647 0.003961 -6.632140 0.059820 -0.005526 0.998194 328.279105 
0.997752 -0.028687 -0.060569 -22.620884 0.028928 0.999577 0.003103 -6.648653 0.060454 -0.004848 0.998159 329.335045 
0.997665 -0.030367 -0.061171 -22.679375 0.030683 0.999520 0.004230 -6.653778 0.061013 -0.006097 0.998118 330.388698 
0.997535 -0.033450 -0.061689 -22.735203 0.033939 0.999400 0.006898 -6.657991 0.061421 -0.008975 0.998072 331.436442 
0.997332 -0.037357 -0.062712 -22.794492 0.038068 0.999223 0.010186 -6.653382 0.062283 -0.012546 0.997980 332.492766 
0.997210 -0.040217 -0.062890 -22.860404 0.041005 0.999095 0.011286 -6.661405 0.062379 -0.013834 0.997957 333.504734 
0.997083 -0.042274 -0.063550 -22.910923 0.042873 0.999048 0.008102 -6.671492 0.063147 -0.010803 0.997946 334.532806 
0.996914 -0.045906 -0.063678 -22.979184 0.046240 0.998923 0.003792 -6.675272 0.063436 -0.006724 0.997963 335.558886 
0.996818 -0.047574 -0.063953 -23.048468 0.047812 0.998854 0.002188 -6.677027 0.063775 -0.005239 0.997951 336.582474 
0.996745 -0.048276 -0.064573 -23.116577 0.048609 0.998811 0.003602 -6.702427 0.064323 -0.006729 0.997906 337.605371 
0.996586 -0.050286 -0.065478 -23.187769 0.050787 0.998691 0.006013 -6.720106 0.065090 -0.009318 0.997836 338.620872 
0.996452 -0.051846 -0.066301 -23.259864 0.052558 0.998577 0.009042 -6.735274 0.065737 -0.012495 0.997759 339.622977 
0.996270 -0.054213 -0.067142 -23.329013 0.055124 0.998410 0.011779 -6.744618 0.066396 -0.015436 0.997674 340.627672 
0.996096 -0.056432 -0.067888 -23.406673 0.057443 0.998264 0.013028 -6.746808 0.067035 -0.016877 0.997608 341.620530 
0.995895 -0.058256 -0.069275 -23.462513 0.059191 0.998180 0.011519 -6.741465 0.068478 -0.015572 0.997531 342.584847 
0.995721 -0.059908 -0.070354 -23.533001 0.060759 0.998102 0.010012 -6.745884 0.069621 -0.014244 0.997472 343.562319 
0.995671 -0.059621 -0.071304 -23.599695 0.060349 0.998144 0.008102 -6.750076 0.070689 -0.012371 0.997422 344.520936 
0.995677 -0.058574 -0.072086 -23.671115 0.059261 0.998215 0.007423 -6.753315 0.071522 -0.011663 0.997371 345.468794 
0.995601 -0.058853 -0.072911 -23.748225 0.059540 0.998199 0.007283 -6.757396 0.072351 -0.011592 0.997312 346.418645 
0.995600 -0.058088 -0.073531 -23.823330 0.058861 0.998231 0.008380 -6.771091 0.072914 -0.012671 0.997258 347.366720 
0.995677 -0.056053 -0.074063 -23.900875 0.056909 0.998334 0.009491 -6.778481 0.073408 -0.013665 0.997208 348.296366 
0.995808 -0.053689 -0.074051 -23.987904 0.054440 0.998484 0.008156 -6.783301 0.073500 -0.012153 0.997221 349.215127 
0.995842 -0.053260 -0.073902 -24.065126 0.053868 0.998529 0.006250 -6.796641 0.073460 -0.010205 0.997246 350.108027 
0.995896 -0.053769 -0.072800 -24.151197 0.054269 0.998514 0.004909 -6.801340 0.072428 -0.008840 0.997334 351.005471 
0.996002 -0.053523 -0.071518 -24.219433 0.054050 0.998523 0.005444 -6.803185 0.071121 -0.009288 0.997424 351.887800 
0.996162 -0.052707 -0.069875 -24.282378 0.053254 0.998563 0.005996 -6.814677 0.069459 -0.009694 0.997538 352.751329 
0.996225 -0.054371 -0.067674 -24.356253 0.054974 0.998463 0.007071 -6.812721 0.067186 -0.010765 0.997682 353.594582 
0.996252 -0.056194 -0.065765 -24.418584 0.056794 0.998359 0.007292 -6.813761 0.065247 -0.011000 0.997809 354.404644 
0.996277 -0.056817 -0.064838 -24.442195 0.057493 0.998309 0.008595 -6.823735 0.064240 -0.012291 0.997859 355.202910 
0.996252 -0.059457 -0.062818 -24.492922 0.060213 0.998133 0.010212 -6.821188 0.062094 -0.013956 0.997973 355.976929 
0.996305 -0.060110 -0.061351 -24.540287 0.060948 0.998070 0.011878 -6.824960 0.060519 -0.015573 0.998046 356.723739 
0.996539 -0.058141 -0.059415 -24.595862 0.059043 0.998164 0.013543 -6.829899 0.058518 -0.017004 0.998142 357.444762 
0.996603 -0.058880 -0.057581 -24.647958 0.059777 0.998114 0.013971 -6.841446 0.056650 -0.017365 0.998243 358.148710 
0.996669 -0.059073 -0.056230 -24.684745 0.059779 0.998152 0.010949 -6.859247 0.055479 -0.014274 0.998358 358.829646 
0.996742 -0.059230 -0.054749 -24.712122 0.059643 0.998202 0.005944 -6.876071 0.054299 -0.009190 0.998482 359.477723 
0.996838 -0.059152 -0.053048 -24.754878 0.059424 0.998227 0.003556 -6.881883 0.052743 -0.006697 0.998586 360.107861 
0.996915 -0.058842 -0.051952 -24.792770 0.059149 0.998239 0.004402 -6.889515 0.051601 -0.007461 0.998640 360.722374 
0.996947 -0.058603 -0.051604 -24.824892 0.059054 0.998228 0.007261 -6.889762 0.051087 -0.010287 0.998641 361.312645 
0.996855 -0.059464 -0.052381 -24.844286 0.060091 0.998138 0.010483 -6.896890 0.051660 -0.013598 0.998572 361.865816 
0.996758 -0.059436 -0.054238 -24.884554 0.060171 0.998116 0.012023 -6.912445 0.053421 -0.015248 0.998456 362.420423 
0.996670 -0.057729 -0.057583 -24.924268 0.058352 0.998254 0.009207 -6.917408 0.056951 -0.012537 0.998298 362.939018 
0.996339 -0.057301 -0.063445 -24.953464 0.057779 0.998313 0.005711 -6.919142 0.063011 -0.009355 0.997969 363.431155 
0.995800 -0.056573 -0.071985 -24.990777 0.056925 0.998374 0.002845 -6.924424 0.071707 -0.006931 0.997402 363.912123 
0.994858 -0.056623 -0.083975 -25.035603 0.056930 0.998377 0.001273 -6.932773 0.083766 -0.006047 0.996467 364.367512 
0.993422 -0.057076 -0.099274 -25.097577 0.057338 0.998355 -0.000214 -6.934509 0.099123 -0.005479 0.995060 364.810709 
0.991461 -0.055172 -0.118159 -25.157116 0.055346 0.998466 -0.001814 -6.945637 0.118078 -0.004741 0.992993 365.245271 
0.988823 -0.052384 -0.139586 -25.244861 0.052594 0.998614 -0.002193 -6.952451 0.139507 -0.005173 0.990208 365.688386 
0.985056 -0.049804 -0.164876 -25.344253 0.050326 0.998732 -0.001012 -6.962038 0.164717 -0.007301 0.986314 366.113965 
0.979658 -0.049825 -0.194392 -25.454506 0.051149 0.998689 0.001790 -6.972208 0.194048 -0.011697 0.980922 366.540565 
0.972194 -0.051017 -0.228551 -25.571197 0.052822 0.998602 0.001782 -6.979993 0.228141 -0.013805 0.973530 366.944726 
0.962358 -0.050460 -0.267059 -25.720003 0.052397 0.998626 0.000126 -6.990570 0.266685 -0.014115 0.963680 367.358141 
0.950011 -0.046933 -0.308668 -25.887390 0.049335 0.998782 -0.000020 -6.998036 0.308293 -0.015209 0.951170 367.750217 
0.935253 -0.042212 -0.351453 -26.069111 0.045604 0.998959 0.001374 -7.011940 0.351029 -0.017313 0.936205 368.123919 
0.917942 -0.038445 -0.394849 -26.280664 0.043558 0.999043 0.003990 -7.024569 0.394317 -0.020862 0.918738 368.494297 
0.897313 -0.037703 -0.439782 -26.481867 0.044754 0.998982 0.005670 -7.022062 0.439121 -0.024770 0.898086 368.848142 
0.873575 -0.034571 -0.485460 -26.696787 0.043537 0.999026 0.007200 -7.019869 0.484738 -0.027425 0.874229 369.185576 
0.845960 -0.028262 -0.532496 -26.951129 0.038039 0.999249 0.007397 -7.016300 0.531887 -0.026513 0.846400 369.514628 
0.814262 -0.020763 -0.580126 -27.213981 0.032318 0.999432 0.009591 -7.026608 0.579597 -0.026558 0.814470 369.830641 
0.778678 -0.016472 -0.627208 -27.491812 0.031377 0.999427 0.012707 -7.027836 0.626639 -0.029575 0.778748 370.143425 
0.739692 -0.015910 -0.672757 -27.829160 0.035311 0.999261 0.015193 -7.029494 0.672018 -0.034994 0.739707 370.459302 
0.696430 -0.017674 -0.717407 -28.174094 0.041309 0.999026 0.015489 -7.037010 0.716435 -0.040423 0.696482 370.768586 
0.649673 -0.017385 -0.760015 -28.539104 0.047091 0.998739 0.017408 -7.048577 0.758754 -0.047099 0.649673 371.056979 
0.599349 -0.017396 -0.800299 -28.932005 0.051603 0.998524 0.016941 -7.045663 0.798823 -0.051452 0.599362 371.321567 
0.544165 -0.021301 -0.838708 -29.343604 0.057929 0.998246 0.012232 -7.034053 0.836976 -0.055242 0.544444 371.575177 
0.486256 -0.025510 -0.873444 -29.792327 0.063503 0.997962 0.006206 -7.028933 0.871506 -0.058484 0.486885 371.796822 
0.425899 -0.027081 -0.904366 -30.268695 0.061459 0.998109 -0.000945 -7.034304 0.902681 -0.055178 0.426758 371.976679 
0.363147 -0.028424 -0.931298 -30.768765 0.058769 0.998243 -0.007551 -7.040250 0.929876 -0.051990 0.364180 372.118448 
0.298851 -0.032641 -0.953741 -31.286024 0.060624 0.998046 -0.015161 -7.052593 0.952372 -0.053288 0.300246 372.232481 
0.233387 -0.036436 -0.971701 -31.821177 0.070262 0.997317 -0.020521 -7.058277 0.969842 -0.063484 0.235321 372.332424 
0.169610 -0.031743 -0.985000 -32.388465 0.069463 0.997380 -0.020181 -7.063432 0.983060 -0.064999 0.171370 372.401652 
0.109553 -0.021689 -0.993744 -32.954509 0.059122 0.998134 -0.015267 -7.083218 0.992221 -0.057079 0.110630 372.424524 
0.054959 -0.014459 -0.998384 -33.547006 0.045275 0.998903 -0.011974 -7.085168 0.997462 -0.044544 0.055553 372.438799 
0.008155 -0.010632 -0.999910 -34.094983 0.034173 0.999362 -0.010348 -7.109483 0.999383 -0.034086 0.008513 372.388169 
-0.031079 -0.009567 -0.999471 -34.702416 0.026136 0.999604 -0.010381 -7.110164 0.999175 -0.026445 -0.030817 372.341870 
-0.060719 -0.004047 -0.998147 -35.314279 0.022635 0.999729 -0.005430 -7.111690 0.997898 -0.022922 -0.060611 372.280601 
-0.081845 0.002258 -0.996642 -35.918925 0.020303 0.999794 0.000598 -7.120548 0.996438 -0.020186 -0.081874 372.213482 
-0.098024 0.004412 -0.995174 -36.531148 0.016311 0.999863 0.002826 -7.130735 0.995050 -0.015955 -0.098083 372.136968 
-0.107527 -0.000748 -0.994202 -37.147244 0.011212 0.999935 -0.001965 -7.141718 0.994139 -0.011358 -0.107512 372.052489 
-0.112583 -0.012005 -0.993570 -37.761324 0.006606 0.999896 -0.012830 -7.148987 0.993620 -0.008008 -0.112492 371.966684 
-0.115482 -0.024191 -0.993015 -38.392486 0.006332 0.999665 -0.025089 -7.153195 0.993289 -0.009186 -0.115290 371.897875 
-0.115877 -0.028788 -0.992846 -39.053060 0.009480 0.999502 -0.030088 -7.161991 0.993218 -0.012899 -0.115546 371.829974 
-0.114517 -0.025158 -0.993103 -39.719857 0.012665 0.999561 -0.026782 -7.182198 0.993341 -0.015644 -0.114149 371.754863 
-0.113800 -0.019654 -0.993309 -40.402820 0.015434 0.999649 -0.021548 -7.205576 0.993384 -0.017783 -0.113457 371.684893 
-0.113062 -0.018156 -0.993422 -41.103808 0.013874 0.999707 -0.019850 -7.219803 0.993491 -0.016028 -0.112777 371.605933 
-0.112265 -0.018807 -0.993500 -41.807872 0.011524 0.999729 -0.020228 -7.239877 0.993611 -0.013720 -0.112018 371.524395 
-0.110631 -0.019897 -0.993662 -42.524968 0.006677 0.999762 -0.020763 -7.259704 0.993839 -0.008932 -0.110472 371.441926 
-0.107244 -0.022182 -0.993985 -43.249894 0.002747 0.999741 -0.022607 -7.280898 0.994229 -0.005155 -0.107155 371.359355 
-0.101903 -0.023773 -0.994510 -43.987713 -0.000372 0.999715 -0.023859 -7.298823 0.994794 -0.002061 -0.101883 371.269718 
-0.097448 -0.023199 -0.994970 -44.739681 -0.002623 0.999731 -0.023053 -7.325415 0.995237 0.000364 -0.097483 371.191483 
-0.092959 -0.020293 -0.995463 -45.507588 -0.004789 0.999790 -0.019934 -7.344711 0.995658 0.002915 -0.093036 371.118001 
-0.088801 -0.017132 -0.995902 -46.294986 -0.008382 0.999830 -0.016453 -7.359507 0.996014 0.006887 -0.088930 371.046264 
-0.085073 -0.015452 -0.996255 -47.101506 -0.008325 0.999856 -0.014797 -7.375777 0.996340 0.007035 -0.085190 370.962686 
-0.082288 -0.016813 -0.996467 -47.913193 -0.008261 0.999835 -0.016188 -7.398706 0.996574 0.006899 -0.082413 370.900232 
-0.079200 -0.019088 -0.996676 -48.750691 -0.006260 0.999806 -0.018650 -7.415554 0.996839 0.004762 -0.079304 370.833252 
-0.075531 -0.018255 -0.996976 -49.606358 -0.003276 0.999832 -0.018059 -7.428991 0.997138 0.001902 -0.075578 370.764256 
-0.072254 -0.013725 -0.997292 -50.477837 -0.003076 0.999904 -0.013538 -7.446194 0.997382 0.002089 -0.072289 370.691040 
-0.069138 -0.008197 -0.997573 -51.369386 -0.001544 0.999966 -0.008109 -7.462888 0.997606 0.000980 -0.069149 370.624869 
-0.066465 -0.003270 -0.997783 -52.267645 0.000060 0.999995 -0.003281 -7.474575 0.997789 -0.000278 -0.066465 370.568647 
-0.063575 -0.001598 -0.997976 -53.177570 0.000784 0.999998 -0.001652 -7.493745 0.997977 -0.000887 -0.063574 370.503405 
-0.060875 -0.003152 -0.998140 -54.084585 -0.001133 0.999995 -0.003089 -7.500983 0.998145 0.000943 -0.060879 370.438927 
-0.058758 -0.007484 -0.998244 -54.988318 -0.003010 0.999969 -0.007319 -7.512112 0.998268 0.002575 -0.058778 370.377135 
-0.057831 -0.010612 -0.998270 -55.903248 -0.001378 0.999943 -0.010550 -7.530146 0.998325 0.000766 -0.057842 370.319704 
-0.057384 -0.011160 -0.998290 -56.820191 -0.000558 0.999938 -0.011146 -7.545686 0.998352 -0.000082 -0.057387 370.265300 
-0.057809 -0.010195 -0.998276 -57.742907 -0.000549 0.999948 -0.010180 -7.566015 0.998327 -0.000041 -0.057812 370.215900 
-0.058712 -0.008841 -0.998236 -58.658010 0.000807 0.999960 -0.008904 -7.583188 0.998275 -0.001329 -0.058703 370.167005 
-0.059934 -0.007851 -0.998171 -59.579904 0.000998 0.999968 -0.007925 -7.602031 0.998202 -0.001471 -0.059924 370.111954 
-0.061495 -0.007093 -0.998082 -60.509221 0.000923 0.999974 -0.007163 -7.618345 0.998107 -0.001361 -0.061487 370.050266 
-0.062871 -0.006243 -0.998002 -61.421274 -0.002031 0.999979 -0.006128 -7.638783 0.998020 0.001641 -0.062882 369.992352 
-0.064057 -0.005616 -0.997930 -62.337710 -0.003050 0.999981 -0.005432 -7.666880 0.997942 0.002696 -0.064072 369.927917 
-0.065091 -0.005279 -0.997865 -63.246156 -0.002493 0.999984 -0.005128 -7.677945 0.997876 0.002154 -0.065103 369.862884 
-0.066861 -0.006109 -0.997744 -64.163145 -0.005338 0.999969 -0.005765 -7.694249 0.997748 0.004941 -0.066892 369.808096 
-0.068780 -0.007762 -0.997602 -65.062639 -0.004739 0.999961 -0.007453 -7.713070 0.997621 0.004215 -0.068814 369.746729 
-0.071403 -0.008985 -0.997407 -65.955712 -0.003761 0.999955 -0.008738 -7.731243 0.997440 0.003127 -0.071434 369.668273 
-0.074720 -0.006955 -0.997180 -66.855711 -0.005106 0.999965 -0.006592 -7.735963 0.997191 0.004599 -0.074753 369.578980 
-0.078885 -0.003028 -0.996879 -67.779932 -0.005672 0.999981 -0.002588 -7.748196 0.996868 0.005450 -0.078901 369.503422 
-0.082294 -0.000949 -0.996608 -68.680756 -0.007897 0.999969 -0.000301 -7.760201 0.996577 0.007845 -0.082299 369.414335 
-0.085581 -0.002340 -0.996328 -69.577239 -0.012708 0.999918 -0.001257 -7.788774 0.996250 0.012554 -0.085603 369.328092 
-0.087968 -0.003939 -0.996115 -70.480474 -0.015310 0.999879 -0.002602 -7.803261 0.996006 0.015022 -0.088018 369.237971 
-0.090537 -0.008252 -0.995859 -71.381736 -0.014184 0.999875 -0.006995 -7.825376 0.995792 0.013492 -0.090642 369.142814 
-0.092009 -0.010067 -0.995707 -72.273740 -0.011431 0.999894 -0.009053 -7.849216 0.995693 0.010549 -0.092114 369.053047 
-0.093592 -0.007700 -0.995581 -73.187386 -0.010741 0.999920 -0.006724 -7.869266 0.995553 0.010065 -0.093668 368.967195 
-0.093984 -0.005513 -0.995558 -74.082490 -0.011344 0.999926 -0.004466 -7.888391 0.995509 0.010874 -0.094040 368.868970 
-0.093549 -0.003584 -0.995608 -74.979974 -0.009462 0.999952 -0.002711 -7.905030 0.995570 0.009167 -0.093579 368.777472 
-0.092419 -0.007737 -0.995690 -75.855247 -0.011295 0.999914 -0.006722 -7.918761 0.995656 0.010625 -0.092498 368.697251 
-0.089145 -0.009759 -0.995971 -76.733480 -0.012396 0.999885 -0.008688 -7.925887 0.995942 0.011571 -0.089256 368.615260 
-0.086215 -0.009556 -0.996231 -77.619031 -0.015593 0.999844 -0.008241 -7.940387 0.996154 0.014823 -0.086351 368.537800 
-0.082064 -0.006964 -0.996603 -78.499947 -0.015322 0.999866 -0.005725 -7.961745 0.996509 0.014800 -0.082160 368.463725 
-0.077544 -0.004919 -0.996977 -79.389671 -0.016026 0.999865 -0.003687 -7.985750 0.996860 0.015692 -0.077613 368.385508 
-0.072139 -0.003583 -0.997388 -80.282314 -0.016264 0.999865 -0.002415 -8.001434 0.997262 0.016047 -0.072188 368.307183 
-0.066932 -0.002227 -0.997755 -81.164956 -0.015139 0.999885 -0.001216 -8.014574 0.997643 0.015024 -0.066958 368.243206 
-0.062217 -0.001647 -0.998061 -82.054084 -0.014052 0.999901 -0.000774 -8.027199 0.997964 0.013977 -0.062234 368.185821 
-0.056868 -0.002736 -0.998378 -82.930321 -0.012743 0.999917 -0.002015 -8.042334 0.998300 0.012607 -0.056898 368.138083 
-0.051939 -0.004665 -0.998639 -83.797275 -0.012883 0.999909 -0.004001 -8.054915 0.998567 0.012657 -0.051994 368.092987 
-0.046801 -0.006116 -0.998885 -84.676972 -0.013118 0.999899 -0.005508 -8.069645 0.998818 0.012845 -0.046877 368.047307 
-0.041976 -0.007216 -0.999093 -85.545727 -0.012761 0.999896 -0.006686 -8.085736 0.999037 0.012469 -0.042064 368.010086 
-0.037163 -0.006238 -0.999290 -86.423701 -0.012112 0.999910 -0.005792 -8.106425 0.999236 0.011888 -0.037236 367.980240 
-0.032382 -0.005154 -0.999462 -87.314786 -0.012549 0.999910 -0.004750 -8.117230 0.999397 0.012389 -0.032444 367.954019 
-0.028041 -0.002940 -0.999602 -88.209836 -0.012666 0.999916 -0.002585 -8.143355 0.999527 0.012588 -0.028076 367.931365 
-0.023811 -0.000335 -0.999716 -89.094157 -0.011175 0.999938 -0.000069 -8.162370 0.999654 0.011171 -0.023814 367.897351 
-0.019873 0.000796 -0.999802 -89.942196 -0.009077 0.999958 0.000977 -8.165213 0.999761 0.009094 -0.019865 367.858439 
-0.017147 0.001223 -0.999852 -90.810879 -0.006636 0.999977 0.001337 -8.179363 0.999831 0.006658 -0.017139 367.850193 
-0.014549 -0.000358 -0.999894 -91.639236 -0.003606 0.999993 -0.000306 -8.184216 0.999888 0.003601 -0.014550 367.823193 
-0.013444 -0.002550 -0.999906 -92.476873 -0.000821 0.999996 -0.002539 -8.189605 0.999909 0.000787 -0.013446 367.817719 
-0.012748 -0.002720 -0.999915 -93.286658 0.003036 0.999992 -0.002759 -8.200725 0.999914 -0.003071 -0.012739 367.814134 
-0.013000 -0.003184 -0.999910 -94.069393 0.004883 0.999983 -0.003247 -8.213597 0.999904 -0.004924 -0.012984 367.810266 
-0.013391 -0.005174 -0.999897 -94.824798 0.007981 0.999954 -0.005281 -8.232781 0.999878 -0.008050 -0.013349 367.802412 
-0.014335 -0.005806 -0.999880 -95.562036 0.010009 0.999932 -0.005949 -8.248178 0.999847 -0.010093 -0.014276 367.787620 
-0.016465 -0.006513 -0.999843 -96.276582 0.012575 0.999898 -0.006720 -8.247995 0.999785 -0.012684 -0.016382 367.774072 
-0.020314 -0.004191 -0.999785 -96.979953 0.014511 0.999885 -0.004487 -8.268494 0.999688 -0.014600 -0.020251 367.768486 
-0.024844 -0.002367 -0.999689 -97.647152 0.016941 0.999853 -0.002789 -8.275086 0.999548 -0.017005 -0.024800 367.760341 
-0.030343 -0.001455 -0.999538 -98.279467 0.017940 0.999837 -0.002000 -8.284673 0.999379 -0.017992 -0.030312 367.746508 
-0.036366 -0.001085 -0.999338 -98.895040 0.019746 0.999803 -0.001804 -8.311960 0.999143 -0.019799 -0.036338 367.729891 
-0.042844 -0.003508 -0.999076 -99.487281 0.020291 0.999785 -0.004380 -8.311601 0.998876 -0.020460 -0.042763 367.699027 
-0.049693 -0.005331 -0.998750 -100.084566 0.020795 0.999763 -0.006371 -8.337969 0.998548 -0.021086 -0.049570 367.659797 
-0.057950 -0.004769 -0.998308 -100.693172 0.019794 0.999787 -0.005925 -8.353044 0.998123 -0.020104 -0.057844 367.627796 
-0.065082 -0.003581 -0.997874 -101.293434 0.020708 0.999773 -0.004938 -8.367024 0.997665 -0.020985 -0.064993 367.582047 
-0.072361 -0.003306 -0.997373 -101.883144 0.019598 0.999797 -0.004736 -8.378109 0.997186 -0.019889 -0.072281 367.534626 
-0.078977 -0.005902 -0.996859 -102.464064 0.018561 0.999800 -0.007390 -8.384582 0.996704 -0.019087 -0.078852 367.475910 
-0.085515 -0.009806 -0.996289 -103.049582 0.016738 0.999796 -0.011277 -8.395045 0.996196 -0.017640 -0.085333 367.410886 
-0.091923 -0.012933 -0.995682 -103.632287 0.017128 0.999747 -0.014567 -8.407943 0.995619 -0.018393 -0.091678 367.355721 
-0.098650 -0.015712 -0.994998 -104.213049 0.016800 0.999707 -0.017452 -8.416837 0.994980 -0.018438 -0.098357 367.307758 
-0.103930 -0.018098 -0.994420 -104.794520 0.016129 0.999672 -0.019880 -8.435775 0.994454 -0.018105 -0.103604 367.236503 
-0.108604 -0.019280 -0.993898 -105.379759 0.013481 0.999691 -0.020866 -8.455711 0.993994 -0.015665 -0.108310